    nan 
    nan 
    nan 
1.304082e+003 
1.304097e+003 
1.304127e+003 
1.304155e+003 
1.304172e+003 
1.304202e+003 
1.304218e+003 
1.304246e+003 
1.304262e+003 
1.304277e+003 
1.304291e+003 
1.304307e+003 
1.304322e+003 
1.304353e+003 
1.304367e+003 
1.304381e+003 
1.304397e+003 
1.304412e+003 
1.304426e+003 
1.304442e+003 
1.304457e+003 
1.304471e+003 
1.304503e+003 
1.304516e+003 
1.304532e+003 
1.304547e+003 
1.304561e+003 
1.304577e+003 
1.304592e+003 
1.304606e+003 
1.304622e+003 
1.304652e+003 
1.304667e+003 
1.304682e+003 
1.304696e+003 
1.304712e+003 
1.304727e+003 
1.304741e+003 
1.304757e+003 
1.304772e+003 
1.304803e+003 
1.304817e+003 
1.304831e+003 
1.304847e+003 
1.304862e+003 
1.304876e+003 
1.304892e+003 
1.304907e+003 
1.304921e+003 
1.304953e+003 
1.304966e+003 
1.304982e+003 
1.304997e+003 
1.305011e+003 
1.305027e+003 
1.305042e+003 
1.305056e+003 
1.305072e+003 
1.305102e+003 
1.305117e+003 
1.305132e+003 
1.305146e+003 
1.305162e+003 
1.305177e+003 
1.305191e+003 
1.305207e+003 
1.305222e+003 
1.305253e+003 
1.305267e+003 
1.305281e+003 
1.305297e+003 
1.305312e+003 
1.305326e+003 
1.305342e+003 
1.305357e+003 
1.305371e+003 
1.305403e+003 
1.305416e+003 
1.305432e+003 
1.305447e+003 
1.305461e+003 
1.305477e+003 
1.305492e+003 
1.305506e+003 
1.305522e+003 
1.305552e+003 
1.305567e+003 
1.305582e+003 
1.305596e+003 
1.305612e+003 
1.305627e+003 
1.305641e+003 
1.305657e+003 
1.305672e+003 
1.305703e+003 
1.305717e+003 
1.305731e+003 
1.305747e+003 
1.305762e+003 
1.305776e+003 
    nan 
1.305807e+003 
1.305821e+003 
1.305853e+003 
1.305866e+003 
    nan 
1.305897e+003 
1.305911e+003 
    nan 
1.305942e+003 
1.305956e+003 
1.305972e+003 
1.306002e+003 
    nan 
    nan 
1.306046e+003 
1.306062e+003 
    nan 
1.306091e+003 
1.306107e+003 
1.306122e+003 
1.306153e+003 
1.306167e+003 
1.306181e+003 
1.306197e+003 
1.306212e+003 
1.306226e+003 
1.306242e+003 
1.306257e+003 
1.306271e+003 
1.306303e+003 
1.306316e+003 
1.306332e+003 
1.306347e+003 
1.306361e+003 
1.306377e+003 
1.306392e+003 
1.306406e+003 
1.306422e+003 
1.306452e+003 
1.306467e+003 
1.306482e+003 
1.306496e+003 
1.306512e+003 
1.306527e+003 
1.306541e+003 
1.306557e+003 
1.306572e+003 
1.306603e+003 
1.306617e+003 
1.306631e+003 
1.306647e+003 
1.306662e+003 
1.306676e+003 
1.306692e+003 
1.306707e+003 
1.306721e+003 
1.306753e+003 
1.306766e+003 
1.306782e+003 
1.306797e+003 
1.306811e+003 
1.306827e+003 
1.306842e+003 
1.306856e+003 
1.306872e+003 
1.306902e+003 
1.306917e+003 
1.306932e+003 
1.306946e+003 
    nan 
1.306977e+003 
1.306991e+003 
1.307007e+003 
1.307022e+003 
1.307053e+003 
    nan 
1.307081e+003 
1.307097e+003 
1.307112e+003 
1.307126e+003 
1.307142e+003 
1.307157e+003 
1.307171e+003 
1.307203e+003 
1.307216e+003 
1.307232e+003 
1.307246e+003 
1.307261e+003 
1.307277e+003 
1.307292e+003 
1.307306e+003 
1.307322e+003 
1.307352e+003 
1.307366e+003 
1.307382e+003 
1.307396e+003 
1.307412e+003 
1.307427e+003 
1.307441e+003 
1.307456e+003 
1.307472e+003 
1.307503e+003 
1.307517e+003 
1.307531e+003 
1.307547e+003 
1.307562e+003 
1.307576e+003 
1.307592e+003 
    nan 
1.307621e+003 
1.307653e+003 
1.307666e+003 
1.307681e+003 
1.307696e+003 
1.307711e+003 
1.307726e+003 
1.307742e+003 
1.307756e+003 
1.307771e+003 
1.307802e+003 
1.307816e+003 
1.307831e+003 
1.307846e+003 
1.307861e+003 
1.307877e+003 
    nan 
1.307906e+003 
1.307921e+003 
1.307953e+003 
1.307966e+003 
1.307981e+003 
1.307996e+003 
1.308011e+003 
1.308026e+003 
1.308042e+003 
1.308056e+003 
1.308071e+003 
1.308103e+003 
1.308116e+003 
1.308131e+003 
1.308146e+003 
1.308161e+003 
1.308176e+003 
1.308191e+003 
1.308206e+003 
1.308221e+003 
1.308252e+003 
1.308266e+003 
1.308281e+003 
1.308296e+003 
1.308311e+003 
1.308326e+003 
1.308341e+003 
1.308356e+003 
1.308371e+003 
1.308403e+003 
1.308416e+003 
1.308431e+003 
1.308446e+003 
    nan 
    nan 
1.308491e+003 
1.308506e+003 
    nan 
    nan 
    nan 
    nan 
    nan 
    nan 
    nan 
    nan 
    nan 
    nan 
    nan 
    nan 
    nan 
    nan 
    nan 
    nan 
    nan 
    nan 
    nan 
    nan 
    nan 
    nan 
    nan 
    nan 
    nan 
1.308941e+003 
1.308956e+003 
1.308971e+003 
1.309003e+003 
1.309016e+003 
1.309031e+003 
1.309046e+003 
1.309061e+003 
1.309076e+003 
1.309091e+003 
1.309106e+003 
1.309121e+003 
1.309152e+003 
1.309166e+003 
1.309181e+003 
1.309195e+003 
1.309211e+003 
1.309226e+003 
1.309240e+003 
1.309256e+003 
    nan 
    nan 
    nan 
1.309331e+003 
    nan 
    nan 
1.309376e+003 
    nan 
    nan 
    nan 
    nan 
    nan 
    nan 
    nan 
1.309511e+003 
1.309526e+003 
1.309541e+003 
1.309556e+003 
    nan 
1.309602e+003 
1.309616e+003 
1.309631e+003 
1.309646e+003 
1.309661e+003 
1.309676e+003 
1.309691e+003 
1.309706e+003 
1.309721e+003 
1.309752e+003 
1.309766e+003 
1.309781e+003 
    nan 
1.309811e+003 
1.309826e+003 
1.309841e+003 
1.309856e+003 
1.309871e+003 
1.309902e+003 
1.309915e+003 
1.309931e+003 
1.309946e+003 
1.309960e+003 
1.309976e+003 
1.309991e+003 
1.310006e+003 
1.310021e+003 
1.310052e+003 
1.310066e+003 
1.310081e+003 
1.310095e+003 
1.310111e+003 
1.310126e+003 
1.310140e+003 
1.310156e+003 
    nan 
1.310203e+003 
1.310216e+003 
1.310231e+003 
1.310246e+003 
1.310261e+003 
1.310276e+003 
1.310291e+003 
1.310306e+003 
1.310321e+003 
1.310352e+003 
1.310366e+003 
1.310381e+003 
1.310396e+003 
1.310410e+003 
1.310426e+003 
1.310441e+003 
1.310456e+003 
1.310471e+003 
1.310502e+003 
1.310516e+003 
1.310531e+003 
1.310545e+003 
1.310561e+003 
1.310576e+003 
1.310590e+003 
1.310606e+003 
1.310621e+003 
1.310652e+003 
1.310666e+003 
1.310680e+003 
1.310696e+003 
1.310711e+003 
1.310725e+003 
1.310741e+003 
1.310756e+003 
1.310770e+003 
1.310802e+003 
1.310815e+003 
1.310831e+003 
1.310846e+003 
1.310860e+003 
1.310876e+003 
1.310891e+003 
1.310905e+003 
1.310921e+003 
1.310952e+003 
1.310966e+003 
    nan 
    nan 
1.311011e+003 
1.311026e+003 
1.311040e+003 
1.311056e+003 
1.311071e+003 
1.311102e+003 
1.311116e+003 
1.311130e+003 
1.311146e+003 
1.311161e+003 
1.311175e+003 
    nan 
    nan 
    nan 
    nan 
    nan 
    nan 
1.311296e+003 
1.311310e+003 
1.311326e+003 
1.311341e+003 
1.311355e+003 
1.311371e+003 
1.311402e+003 
1.311416e+003 
1.311431e+003 
1.311445e+003 
1.311461e+003 
1.311476e+003 
1.311490e+003 
1.311506e+003 
1.311521e+003 
1.311552e+003 
1.311566e+003 
1.311580e+003 
1.311596e+003 
1.311611e+003 
1.311625e+003 
1.311641e+003 
1.311656e+003 
1.311670e+003 
1.311702e+003 
1.311715e+003 
1.311731e+003 
1.311746e+003 
1.311760e+003 
1.311776e+003 
1.311791e+003 
1.311805e+003 
1.311821e+003 
1.311851e+003 
1.311866e+003 
1.311881e+003 
1.311895e+003 
1.311911e+003 
1.311926e+003 
1.311940e+003 
    nan 
1.311971e+003 
    nan 
    nan 
    nan 
    nan 
1.312061e+003 
1.312075e+003 
1.312091e+003 
1.312106e+003 
1.312120e+003 
1.312152e+003 
1.312165e+003 
1.312181e+003 
1.312196e+003 
1.312210e+003 
1.312226e+003 
1.312241e+003 
1.312255e+003 
1.312271e+003 
1.312301e+003 
1.312316e+003 
1.312331e+003 
1.312345e+003 
1.312361e+003 
1.312376e+003 
1.312390e+003 
1.312406e+003 
1.312421e+003 
1.312452e+003 
1.312466e+003 
1.312480e+003 
1.312496e+003 
1.312511e+003 
1.312525e+003 
1.312541e+003 
1.312556e+003 
1.312570e+003 
1.312602e+003 
1.312615e+003 
1.312631e+003 
1.312646e+003 
1.312660e+003 
1.312676e+003 
1.312691e+003 
1.312705e+003 
1.312721e+003 
1.312751e+003 
1.312766e+003 
    nan 
1.312795e+003 
1.312811e+003 
    nan 
1.312840e+003 
1.312856e+003 
    nan 
1.312902e+003 
1.312916e+003 
1.312930e+003 
1.312946e+003 
1.312961e+003 
1.312975e+003 
1.312991e+003 
1.313006e+003 
1.313020e+003 
1.313052e+003 
1.313065e+003 
1.313081e+003 
1.313096e+003 
1.313110e+003 
1.313126e+003 
1.313141e+003 
1.313155e+003 
1.313171e+003 
1.313201e+003 
1.313216e+003 
1.313231e+003 
1.313245e+003 
1.313261e+003 
1.313276e+003 
1.313290e+003 
1.313306e+003 
1.313321e+003 
1.313352e+003 
1.313366e+003 
1.313380e+003 
1.313396e+003 
1.313411e+003 
1.313425e+003 
    nan 
1.313456e+003 
1.313470e+003 
1.313502e+003 
1.313515e+003 
1.313531e+003 
1.313546e+003 
1.313560e+003 
1.313576e+003 
1.313591e+003 
1.313605e+003 
1.313621e+003 
1.313651e+003 
1.313666e+003 
1.313681e+003 
1.313695e+003 
1.313711e+003 
1.313726e+003 
1.313740e+003 
1.313756e+003 
1.313771e+003 
1.313802e+003 
1.313816e+003 
1.313830e+003 
1.313846e+003 
1.313861e+003 
1.313875e+003 
1.313891e+003 
1.313906e+003 
1.313920e+003 
1.313952e+003 
1.313965e+003 
1.313981e+003 
1.313996e+003 
1.314010e+003 
1.314026e+003 
1.314041e+003 
1.314055e+003 
1.314071e+003 
1.314101e+003 
1.314116e+003 
1.314131e+003 
1.314145e+003 
1.314161e+003 
1.314176e+003 
1.314190e+003 
1.314206e+003 
1.314221e+003 
1.314252e+003 
1.314325e+003 
1.314341e+003 
1.314356e+003 
1.314370e+003 
1.314402e+003 
1.314415e+003 
1.314431e+003 
1.314446e+003 
1.314460e+003 
1.314476e+003 
1.314491e+003 
1.314505e+003 
1.314521e+003 
1.314551e+003 
1.314566e+003 
1.314581e+003 
1.314626e+003 
1.314626e+003 
1.314640e+003 
1.314656e+003 
1.314671e+003 
1.314702e+003 
1.314716e+003 
1.314730e+003 
1.314746e+003 
1.314761e+003 
1.314775e+003 
1.314791e+003 
1.314806e+003 
1.314820e+003 
1.314852e+003 
1.314865e+003 
1.314881e+003 
1.314896e+003 
1.314926e+003 
1.314941e+003 
1.314955e+003 
1.314971e+003 
1.315001e+003 
1.315016e+003 
1.315031e+003 
1.315045e+003 
1.315061e+003 
1.315076e+003 
1.315090e+003 
1.315106e+003 
1.315121e+003 
1.315152e+003 
1.315166e+003 
1.315180e+003 
1.315196e+003 
1.315211e+003 
1.315225e+003 
1.315241e+003 
1.315256e+003 
1.315270e+003 
1.315302e+003 
1.315315e+003 
1.315331e+003 
1.315346e+003 
1.315360e+003 
1.315376e+003 
1.315391e+003 
1.315405e+003 
1.315421e+003 
1.315451e+003 
1.315466e+003 
1.315481e+003 
1.315495e+003 
1.315511e+003 
1.315526e+003 
1.315540e+003 
1.315556e+003 
1.315571e+003 
1.315602e+003 
1.315616e+003 
1.315630e+003 
1.315646e+003 
1.315661e+003 
1.315675e+003 
1.315691e+003 
1.315706e+003 
1.315720e+003 
1.315752e+003 
1.315765e+003 
1.315781e+003 
1.315796e+003 
1.315810e+003 
1.315826e+003 
1.315841e+003 
1.315855e+003 
1.315871e+003 
1.315901e+003 
1.315916e+003 
1.315931e+003 
1.315945e+003 
1.315961e+003 
1.315976e+003 
1.315990e+003 
1.316006e+003 
1.316021e+003 
1.316052e+003 
1.316066e+003 
1.316080e+003 
1.316096e+003 
1.316111e+003 
1.316125e+003 
1.316141e+003 
1.316156e+003 
1.316170e+003 
1.316202e+003 
1.316215e+003 
1.316231e+003 
1.316246e+003 
1.316260e+003 
1.316276e+003 
1.316291e+003 
1.316305e+003 
1.316321e+003 
1.316351e+003 
1.316366e+003 
1.316381e+003 
1.316395e+003 
1.316411e+003 
1.316426e+003 
1.316440e+003 
1.316456e+003 
1.316471e+003 
1.316502e+003 
1.316516e+003 
1.316530e+003 
1.316546e+003 
1.316561e+003 
1.316575e+003 
1.316591e+003 
1.316606e+003 
1.316620e+003 
1.316652e+003 
1.316665e+003 
1.316681e+003 
1.316696e+003 
1.316710e+003 
1.316726e+003 
1.316741e+003 
1.316755e+003 
1.316771e+003 
1.316801e+003 
1.316816e+003 
1.316831e+003 
1.316845e+003 
1.316861e+003 
1.316876e+003 
1.316890e+003 
1.316906e+003 
1.316921e+003 
1.316952e+003 
1.316966e+003 
1.316980e+003 
1.316996e+003 
1.317011e+003 
1.317025e+003 
1.317041e+003 
1.317056e+003 
1.317070e+003 
1.317102e+003 
1.317115e+003 
1.317131e+003 
1.317146e+003 
1.317160e+003 
1.317176e+003 
1.317191e+003 
1.317205e+003 
1.317221e+003 
1.317251e+003 
1.317266e+003 
1.317281e+003 
1.317295e+003 
1.317311e+003 
1.317326e+003 
1.317340e+003 
1.317356e+003 
1.317371e+003 
1.317402e+003 
1.317416e+003 
1.317430e+003 
1.317446e+003 
1.317461e+003 
1.317475e+003 
1.317491e+003 
1.317506e+003 
1.317520e+003 
1.317552e+003 
1.317565e+003 
1.317581e+003 
1.317596e+003 
1.317610e+003 
1.317626e+003 
1.317641e+003 
1.317655e+003 
1.317671e+003 
1.317701e+003 
1.317716e+003 
1.317731e+003 
1.317745e+003 
1.317761e+003 
1.317776e+003 
1.317790e+003 
1.317806e+003 
1.317821e+003 
1.317852e+003 
1.317866e+003 
1.317880e+003 
1.317896e+003 
1.317911e+003 
1.317925e+003 
1.317941e+003 
1.317956e+003 
1.317970e+003 
1.318002e+003 
1.318015e+003 
1.318031e+003 
1.318046e+003 
1.318060e+003 
1.318076e+003 
1.318091e+003 
1.318105e+003 
1.318121e+003 
1.318151e+003 
1.318166e+003 
1.318181e+003 
1.318195e+003 
1.318211e+003 
1.318226e+003 
1.318240e+003 
1.318256e+003 
1.318271e+003 
1.318302e+003 
1.318316e+003 
1.318330e+003 
1.318346e+003 
1.318361e+003 
1.318375e+003 
1.318391e+003 
1.318406e+003 
1.318420e+003 
1.318452e+003 
1.318465e+003 
1.318481e+003 
1.318496e+003 
1.318510e+003 
1.318526e+003 
1.318541e+003 
1.318555e+003 
1.318571e+003 
1.318601e+003 
1.318616e+003 
    nan 
1.318645e+003 
1.318661e+003 
    nan 
1.318690e+003 
1.318706e+003 
    nan 
1.318752e+003 
1.318766e+003 
1.318780e+003 
1.318796e+003 
1.318811e+003 
1.318825e+003 
1.318841e+003 
1.318856e+003 
1.318870e+003 
1.318902e+003 
1.318915e+003 
1.318931e+003 
1.318946e+003 
1.318960e+003 
1.318976e+003 
1.318991e+003 
1.319005e+003 
1.319021e+003 
1.319051e+003 
1.319066e+003 
1.319081e+003 
1.319095e+003 
1.319111e+003 
    nan 
1.319140e+003 
1.319156e+003 
    nan 
1.319202e+003 
    nan 
1.319230e+003 
1.319246e+003 
1.319261e+003 
1.319275e+003 
1.319291e+003 
1.319306e+003 
1.319320e+003 
1.319352e+003 
1.319365e+003 
1.319381e+003 
1.319396e+003 
1.319410e+003 
1.319426e+003 
    nan 
1.319455e+003 
1.319471e+003 
1.319501e+003 
1.319516e+003 
1.319531e+003 
1.319545e+003 
1.319561e+003 
1.319576e+003 
1.319590e+003 
1.319606e+003 
1.319621e+003 
1.319652e+003 
1.319666e+003 
1.319680e+003 
1.319696e+003 
1.319711e+003 
1.319725e+003 
1.319741e+003 
1.319756e+003 
1.319770e+003 
1.319802e+003 
1.319815e+003 
1.319831e+003 
1.319846e+003 
1.319860e+003 
1.319876e+003 
1.319891e+003 
1.319905e+003 
1.319921e+003 
1.319951e+003 
1.319966e+003 
1.319981e+003 
1.319995e+003 
1.320011e+003 
1.320026e+003 
1.320040e+003 
1.320056e+003 
1.320071e+003 
1.320102e+003 
1.320116e+003 
1.320130e+003 
1.320146e+003 
1.320161e+003 
1.320175e+003 
1.320191e+003 
1.320206e+003 
1.320220e+003 
1.320252e+003 
1.320265e+003 
1.320281e+003 
1.320296e+003 
1.320310e+003 
1.320326e+003 
1.320341e+003 
1.320355e+003 
1.320371e+003 
1.320401e+003 
1.320416e+003 
1.320431e+003 
1.320445e+003 
1.320461e+003 
1.320476e+003 
1.320490e+003 
1.320506e+003 
1.320521e+003 
1.320552e+003 
1.320566e+003 
1.320580e+003 
1.320596e+003 
1.320611e+003 
1.320625e+003 
1.320641e+003 
1.320656e+003 
1.320670e+003 
1.320702e+003 
1.320715e+003 
1.320731e+003 
1.320746e+003 
1.320760e+003 
1.320776e+003 
1.320791e+003 
1.320805e+003 
1.320821e+003 
1.320851e+003 
1.320866e+003 
1.320881e+003 
1.320895e+003 
1.320911e+003 
1.320926e+003 
1.320940e+003 
1.320956e+003 
1.320971e+003 
1.321002e+003 
1.321016e+003 
1.321030e+003 
1.321046e+003 
1.321061e+003 
1.321075e+003 
1.321091e+003 
1.321106e+003 
1.321120e+003 
1.321152e+003 
1.321165e+003 
1.321181e+003 
1.321196e+003 
1.321210e+003 
1.321226e+003 
1.321241e+003 
1.321255e+003 
1.321271e+003 
1.321301e+003 
1.321316e+003 
1.321331e+003 
1.321345e+003 
1.321361e+003 
1.321376e+003 
1.321390e+003 
1.321406e+003 
1.321421e+003 
1.321452e+003 
1.321466e+003 
1.321480e+003 
1.321496e+003 
1.321511e+003 
1.321525e+003 
1.321541e+003 
1.321556e+003 
1.321570e+003 
1.321602e+003 
1.321615e+003 
1.321631e+003 
1.321646e+003 
1.321660e+003 
1.321676e+003 
1.321691e+003 
1.321705e+003 
1.321721e+003 
1.321751e+003 
1.321766e+003 
1.321781e+003 
1.321795e+003 
1.321811e+003 
1.321826e+003 
1.321840e+003 
1.321856e+003 
1.321871e+003 
1.321902e+003 
1.321916e+003 
1.321930e+003 
1.321946e+003 
1.321961e+003 
1.321975e+003 
1.321991e+003 
1.322006e+003 
1.322020e+003 
1.322052e+003 
1.322065e+003 
1.322081e+003 
1.322096e+003 
1.322110e+003 
1.322126e+003 
1.322141e+003 
1.322155e+003 
1.322171e+003 
1.322201e+003 
1.322216e+003 
1.322231e+003 
1.322245e+003 
1.322261e+003 
1.322276e+003 
1.322290e+003 
1.322306e+003 
1.322321e+003 
1.322352e+003 
1.322366e+003 
1.322380e+003 
1.322396e+003 
1.322411e+003 
1.322425e+003 
1.322441e+003 
1.322456e+003 
1.322470e+003 
1.322502e+003 
1.322515e+003 
1.322531e+003 
1.322546e+003 
1.322560e+003 
1.322576e+003 
1.322591e+003 
1.322605e+003 
1.322621e+003 
1.322651e+003 
1.322666e+003 
    nan 
1.322695e+003 
1.322711e+003 
1.322726e+003 
1.322740e+003 
1.322756e+003 
1.322771e+003 
1.322802e+003 
1.322816e+003 
1.322830e+003 
1.322846e+003 
1.322861e+003 
1.322875e+003 
1.322891e+003 
1.322906e+003 
1.322920e+003 
1.322952e+003 
1.322965e+003 
1.322981e+003 
1.322996e+003 
1.323010e+003 
1.323026e+003 
1.323041e+003 
1.323055e+003 
1.323071e+003 
1.323101e+003 
1.323116e+003 
1.323131e+003 
1.323145e+003 
1.323161e+003 
1.323176e+003 
1.323190e+003 
1.323206e+003 
1.323221e+003 
1.323252e+003 
1.323266e+003 
1.323280e+003 
1.323296e+003 
1.323311e+003 
1.323325e+003 
1.323341e+003 
1.323356e+003 
1.323370e+003 
1.323402e+003 
1.323415e+003 
1.323431e+003 
1.323446e+003 
1.323460e+003 
1.323476e+003 
1.323491e+003 
1.323505e+003 
1.323521e+003 
1.323551e+003 
1.323566e+003 
1.323581e+003 
1.323595e+003 
1.323611e+003 
1.323626e+003 
1.323640e+003 
1.323656e+003 
1.323671e+003 
1.323702e+003 
1.323716e+003 
1.323730e+003 
1.323746e+003 
1.323761e+003 
1.323775e+003 
1.323791e+003 
1.323806e+003 
1.323820e+003 
1.323852e+003 
1.323865e+003 
1.323881e+003 
1.323896e+003 
1.323910e+003 
1.323926e+003 
1.323941e+003 
1.323955e+003 
1.323971e+003 
1.324001e+003 
1.324016e+003 
1.324031e+003 
1.324045e+003 
1.324061e+003 
1.324076e+003 
1.324090e+003 
1.324106e+003 
1.324121e+003 
1.324152e+003 
1.324166e+003 
1.324180e+003 
1.324196e+003 
1.324211e+003 
1.324225e+003 
1.324241e+003 
1.324256e+003 
1.324270e+003 
1.324302e+003 
1.324315e+003 
1.324331e+003 
1.324346e+003 
1.324360e+003 
1.324376e+003 
1.324391e+003 
1.324405e+003 
1.324421e+003 
1.324451e+003 
1.324466e+003 
1.324481e+003 
1.324495e+003 
1.324511e+003 
1.324526e+003 
1.324540e+003 
1.324556e+003 
1.324571e+003 
1.324602e+003 
1.324616e+003 
1.324630e+003 
1.324646e+003 
1.324661e+003 
1.324675e+003 
1.324691e+003 
1.324706e+003 
1.324720e+003 
1.324752e+003 
1.324765e+003 
1.324781e+003 
1.324796e+003 
1.324810e+003 
1.324826e+003 
1.324841e+003 
1.324855e+003 
1.324871e+003 
1.324901e+003 
1.324916e+003 
1.324931e+003 
1.324945e+003 
1.324961e+003 
1.324976e+003 
1.324990e+003 
1.325006e+003 
1.325021e+003 
1.325052e+003 
1.325066e+003 
1.325080e+003 
1.325096e+003 
1.325111e+003 
1.325125e+003 
1.325141e+003 
1.325156e+003 
1.325170e+003 
1.325202e+003 
1.325215e+003 
1.325231e+003 
1.325246e+003 
1.325260e+003 
1.325276e+003 
1.325291e+003 
1.325305e+003 
1.325321e+003 
1.325351e+003 
1.325366e+003 
1.325381e+003 
1.325395e+003 
1.325411e+003 
1.325426e+003 
    nan 
1.325456e+003 
1.325471e+003 
1.325502e+003 
1.325516e+003 
1.325530e+003 
1.325546e+003 
1.325561e+003 
1.325575e+003 
1.325591e+003 
1.325606e+003 
1.325620e+003 
1.325652e+003 
1.325665e+003 
1.325681e+003 
1.325696e+003 
1.325710e+003 
1.325726e+003 
1.325741e+003 
1.325755e+003 
1.325771e+003 
1.325801e+003 
1.325816e+003 
1.325831e+003 
1.325845e+003 
1.325861e+003 
1.325876e+003 
1.325890e+003 
1.325906e+003 
1.325921e+003 
1.325953e+003 
1.325966e+003 
1.325980e+003 
1.325996e+003 
1.326011e+003 
1.326025e+003 
1.326041e+003 
1.326056e+003 
1.326070e+003 
1.326102e+003 
1.326115e+003 
1.326131e+003 
1.326146e+003 
1.326160e+003 
1.326176e+003 
1.326191e+003 
1.326205e+003 
1.326221e+003 
1.326251e+003 
1.326266e+003 
1.326281e+003 
1.326295e+003 
1.326311e+003 
1.326326e+003 
1.326340e+003 
1.326356e+003 
1.326371e+003 
1.326402e+003 
1.326416e+003 
1.326430e+003 
1.326446e+003 
1.326461e+003 
1.326475e+003 
1.326491e+003 
1.326506e+003 
1.326520e+003 
1.326552e+003 
1.326565e+003 
1.326581e+003 
1.326596e+003 
1.326610e+003 
1.326626e+003 
1.326641e+003 
1.326655e+003 
1.326671e+003 
1.326701e+003 
1.326716e+003 
1.326731e+003 
1.326745e+003 
1.326761e+003 
1.326776e+003 
1.326790e+003 
1.326806e+003 
1.326821e+003 
1.326852e+003 
1.326866e+003 
1.326880e+003 
1.326896e+003 
1.326911e+003 
1.326925e+003 
1.326941e+003 
1.326956e+003 
1.326970e+003 
1.327002e+003 
1.327015e+003 
1.327031e+003 
1.327046e+003 
1.327060e+003 
1.327076e+003 
1.327091e+003 
1.327105e+003 
1.327121e+003 
1.327151e+003 
1.327166e+003 
1.327181e+003 
1.327195e+003 
1.327211e+003 
1.327226e+003 
1.327240e+003 
1.327256e+003 
1.327271e+003 
1.327302e+003 
1.327316e+003 
1.327330e+003 
1.327346e+003 
1.327361e+003 
1.327375e+003 
1.327391e+003 
1.327406e+003 
1.327420e+003 
1.327452e+003 
1.327465e+003 
1.327481e+003 
1.327496e+003 
1.327510e+003 
1.327526e+003 
1.327541e+003 
1.327555e+003 
1.327571e+003 
1.327601e+003 
1.327616e+003 
1.327631e+003 
1.327646e+003 
1.327661e+003 
1.327676e+003 
1.327690e+003 
1.327706e+003 
1.327721e+003 
1.327752e+003 
1.327766e+003 
1.327780e+003 
1.327796e+003 
1.327811e+003 
1.327825e+003 
1.327841e+003 
1.327856e+003 
1.327870e+003 
1.327902e+003 
1.327915e+003 
1.327931e+003 
1.327946e+003 
1.327960e+003 
1.327976e+003 
1.327991e+003 
1.328005e+003 
1.328021e+003 
1.328051e+003 
1.328066e+003 
1.328081e+003 
1.328095e+003 
1.328111e+003 
1.328126e+003 
1.328140e+003 
1.328156e+003 
1.328171e+003 
1.328202e+003 
1.328216e+003 
1.328230e+003 
1.328246e+003 
1.328261e+003 
1.328275e+003 
1.328291e+003 
1.328306e+003 
1.328320e+003 
1.328352e+003 
1.328365e+003 
1.328381e+003 
1.328396e+003 
1.328410e+003 
    nan 
1.328441e+003 
1.328455e+003 
    nan 
1.328504e+003 
    nan 
1.328531e+003 
1.328545e+003 
    nan 
1.328576e+003 
1.328590e+003 
    nan 
1.328621e+003 
1.328652e+003 
1.328666e+003 
1.328680e+003 
    nan 
1.328711e+003 
1.328725e+003 
    nan 
1.328756e+003 
1.328770e+003 
1.328802e+003 
1.328815e+003 
    nan 
1.328846e+003 
1.328860e+003 
    nan 
1.328891e+003 
1.328905e+003 
    nan 
1.328951e+003 
    nan 
1.328981e+003 
1.328995e+003 
    nan 
1.329026e+003 
1.329040e+003 
    nan 
1.329071e+003 
    nan 
1.329116e+003 
1.329130e+003 
    nan 
1.329161e+003 
1.329175e+003 
    nan 
1.329206e+003 
1.329220e+003 
1.329252e+003 
1.329265e+003 
    nan 
1.329296e+003 
1.329310e+003 
    nan 
1.329341e+003 
1.329355e+003 
    nan 
1.329401e+003 
    nan 
1.329431e+003 
1.329445e+003 
    nan 
1.329476e+003 
1.329490e+003 
    nan 
1.329521e+003 
    nan 
1.329566e+003 
1.329580e+003 
    nan 
1.329611e+003 
1.329625e+003 
    nan 
1.329656e+003 
1.329670e+003 
1.329702e+003 
1.329715e+003 
    nan 
1.329746e+003 
1.329760e+003 
    nan 
1.329791e+003 
1.329805e+003 
    nan 
1.329851e+003 
    nan 
1.329881e+003 
1.329895e+003 
    nan 
1.329926e+003 
1.329940e+003 
    nan 
1.329971e+003 
    nan 
1.330016e+003 
1.330030e+003 
    nan 
1.330061e+003 
1.330075e+003 
    nan 
1.330106e+003 
1.330120e+003 
1.330152e+003 
1.330165e+003 
1.330196e+003 
1.330210e+003 
    nan 
1.330241e+003 
1.330255e+003 
    nan 
1.330301e+003 
    nan 
1.330331e+003 
1.330345e+003 
    nan 
1.330376e+003 
1.330390e+003 
    nan 
1.330421e+003 
    nan 
1.330466e+003 
1.330480e+003 
    nan 
1.330511e+003 
1.330525e+003 
    nan 
1.330556e+003 
1.330570e+003 
1.330602e+003 
1.330615e+003 
    nan 
1.330646e+003 
1.330660e+003 
    nan 
1.330691e+003 
1.330705e+003 
    nan 
1.330751e+003 
    nan 
1.330781e+003 
1.330795e+003 
    nan 
1.330826e+003 
1.330840e+003 
    nan 
1.330871e+003 
    nan 
1.330916e+003 
1.330930e+003 
    nan 
1.330961e+003 
1.330975e+003 
    nan 
1.331006e+003 
1.331020e+003 
1.331052e+003 
1.331065e+003 
    nan 
1.331096e+003 
1.331110e+003 
1.331126e+003 
1.331141e+003 
1.331155e+003 
    nan 
    nan 
    nan 
1.331231e+003 
1.331245e+003 
1.331261e+003 
    nan 
1.331290e+003 
1.331306e+003 
1.331321e+003 
1.331352e+003 
1.331366e+003 
1.331380e+003 
1.331396e+003 
1.331411e+003 
1.331426e+003 
1.331441e+003 
    nan 
1.331470e+003 
    nan 
1.331516e+003 
1.331531e+003 
    nan 
1.331560e+003 
1.331576e+003 
    nan 
1.331605e+003 
1.331621e+003 
1.331651e+003 
1.331666e+003 
    nan 
1.331695e+003 
1.331711e+003 
    nan 
1.331740e+003 
1.331756e+003 
    nan 
1.331802e+003 
    nan 
1.331829e+003 
1.331846e+003 
    nan 
1.331874e+003 
1.331891e+003 
    nan 
1.331919e+003 
    nan 
1.331964e+003 
1.331981e+003 
    nan 
1.332009e+003 
1.332026e+003 
1.332041e+003 
1.332054e+003 
1.332071e+003 
1.332101e+003 
1.332116e+003 
    nan 
1.332144e+003 
1.332161e+003 
    nan 
1.332189e+003 
1.332206e+003 
    nan 
1.332252e+003 
    nan 
1.332279e+003 
1.332296e+003 
    nan 
1.332324e+003 
1.332341e+003 
    nan 
1.332369e+003 
    nan 
1.332415e+003 
1.332431e+003 
    nan 
1.332460e+003 
1.332476e+003 
    nan 
1.332505e+003 
1.332521e+003 
1.332551e+003 
1.332566e+003 
    nan 
1.332594e+003 
1.332611e+003 
    nan 
1.332640e+003 
1.332656e+003 
    nan 
1.332702e+003 
    nan 
1.332729e+003 
1.332746e+003 
    nan 
1.332775e+003 
1.332791e+003 
    nan 
1.332820e+003 
    nan 
1.332865e+003 
1.332881e+003 
    nan 
1.332910e+003 
1.332926e+003 
    nan 
1.332954e+003 
1.332971e+003 
1.333001e+003 
1.333016e+003 
    nan 
1.333045e+003 
1.333061e+003 
    nan 
1.333090e+003 
1.333106e+003 
    nan 
1.333152e+003 
    nan 
1.333179e+003 
1.333196e+003 
    nan 
1.333225e+003 
1.333241e+003 
    nan 
1.333270e+003 
1.333302e+003 
1.333315e+003 
1.333331e+003 
    nan 
1.333360e+003 
1.333376e+003 
    nan 
1.333405e+003 
1.333421e+003 
1.333451e+003 
1.333466e+003 
    nan 
1.333494e+003 
1.333511e+003 
1.333526e+003 
1.333540e+003 
1.333556e+003 
1.333571e+003 
1.333602e+003 
    nan 
1.333629e+003 
1.333646e+003 
    nan 
1.333674e+003 
1.333691e+003 
    nan 
1.333719e+003 
    nan 
1.333764e+003 
1.333781e+003 
    nan 
1.333809e+003 
1.333826e+003 
    nan 
1.333854e+003 
1.333871e+003 
1.333900e+003 
1.333916e+003 
    nan 
1.333944e+003 
1.333961e+003 
    nan 
1.333989e+003 
1.334006e+003 
    nan 
1.334052e+003 
1.334066e+003 
    nan 
1.334096e+003 
1.334111e+003 
1.334124e+003 
1.334141e+003 
1.334156e+003 
1.334169e+003 
1.334202e+003 
1.334214e+003 
1.334231e+003 
1.334246e+003 
1.334259e+003 
1.334276e+003 
1.334291e+003 
1.334304e+003 
1.334321e+003 
1.334351e+003 
1.334366e+003 
1.334381e+003 
1.334394e+003 
1.334411e+003 
1.334426e+003 
1.334439e+003 
1.334456e+003 
1.334471e+003 
1.334502e+003 
1.334516e+003 
1.334530e+003 
1.334546e+003 
1.334561e+003 
1.334575e+003 
1.334591e+003 
1.334606e+003 
1.334621e+003 
1.334652e+003 
1.334665e+003 
1.334681e+003 
1.334696e+003 
1.334710e+003 
1.334725e+003 
1.334741e+003 
1.334755e+003 
1.334770e+003 
1.334801e+003 
1.334816e+003 
1.334831e+003 
1.334845e+003 
1.334861e+003 
1.334876e+003 
1.334890e+003 
1.334906e+003 
1.334921e+003 
1.334952e+003 
1.334966e+003 
1.334980e+003 
1.334995e+003 
1.335011e+003 
1.335025e+003 
1.335041e+003 
1.335055e+003 
1.335070e+003 
1.335102e+003 
1.335115e+003 
1.335131e+003 
1.335146e+003 
1.335160e+003 
1.335176e+003 
1.335190e+003 
1.335205e+003 
1.335221e+003 
1.335251e+003 
1.335266e+003 
1.335280e+003 
1.335295e+003 
1.335310e+003 
1.335326e+003 
1.335340e+003 
1.335356e+003 
1.335371e+003 
1.335402e+003 
1.335415e+003 
1.335430e+003 
1.335446e+003 
1.335460e+003 
1.335475e+003 
1.335491e+003 
1.335505e+003 
1.335520e+003 
1.335552e+003 
1.335565e+003 
1.335580e+003 
1.335595e+003 
1.335610e+003 
1.335625e+003 
1.335640e+003 
1.335655e+003 
1.335670e+003 
1.335701e+003 
1.335715e+003 
1.335730e+003 
1.335745e+003 
1.335761e+003 
1.335775e+003 
1.335790e+003 
1.335805e+003 
1.335821e+003 
1.335852e+003 
1.335865e+003 
1.335880e+003 
1.335895e+003 
1.335910e+003 
1.335925e+003 
1.335940e+003 
1.335955e+003 
1.335970e+003 
1.336002e+003 
1.336015e+003 
1.336030e+003 
1.336045e+003 
1.336060e+003 
1.336075e+003 
1.336090e+003 
1.336105e+003 
1.336120e+003 
1.336151e+003 
1.336165e+003 
1.336180e+003 
1.336195e+003 
1.336210e+003 
1.336225e+003 
1.336240e+003 
1.336255e+003 
1.336270e+003 
1.336302e+003 
1.336315e+003 
1.336330e+003 
1.336345e+003 
1.336360e+003 
1.336375e+003 
1.336390e+003 
1.336405e+003 
1.336420e+003 
1.336452e+003 
1.336465e+003 
1.336480e+003 
1.336496e+003 
1.336510e+003 
1.336525e+003 
1.336540e+003 
1.336555e+003 
1.336570e+003 
1.336601e+003 
1.336615e+003 
1.336630e+003 
1.336645e+003 
1.336660e+003 
1.336675e+003 
1.336690e+003 
1.336705e+003 
1.336720e+003 
1.336752e+003 
1.336765e+003 
1.336780e+003 
1.336795e+003 
1.336810e+003 
1.336825e+003 
1.336840e+003 
1.336855e+003 
1.336870e+003 
1.336902e+003 
1.336915e+003 
1.336930e+003 
1.336945e+003 
    nan 
1.336975e+003 
1.336990e+003 
1.337005e+003 
1.337020e+003 
1.337051e+003 
1.337065e+003 
1.337080e+003 
1.337095e+003 
1.337110e+003 
1.337125e+003 
1.337140e+003 
    nan 
1.337170e+003 
    nan 
1.337215e+003 
1.337230e+003 
1.337245e+003 
1.337260e+003 
1.337275e+003 
    nan 
1.337305e+003 
    nan 
1.337352e+003 
1.337364e+003 
    nan 
1.337395e+003 
    nan 
1.337425e+003 
1.337440e+003 
1.337454e+003 
1.337470e+003 
1.337501e+003 
    nan 
1.337530e+003 
1.337545e+003 
    nan 
1.337575e+003 
1.337589e+003 
1.337605e+003 
1.337620e+003 
1.337652e+003 
1.337665e+003 
1.337679e+003 
1.337695e+003 
1.337710e+003 
1.337724e+003 
1.337740e+003 
1.337755e+003 
1.337769e+003 
1.337801e+003 
1.337814e+003 
1.337830e+003 
1.337845e+003 
1.337859e+003 
1.337875e+003 
1.337890e+003 
1.337904e+003 
1.337920e+003 
1.337950e+003 
1.337965e+003 
1.337980e+003 
1.337994e+003 
1.338010e+003 
1.338025e+003 
1.338039e+003 
1.338055e+003 
1.338070e+003 
1.338101e+003 
1.338115e+003 
1.338129e+003 
1.338145e+003 
1.338160e+003 
1.338174e+003 
1.338190e+003 
1.338205e+003 
1.338219e+003 
1.338251e+003 
1.338264e+003 
1.338280e+003 
1.338295e+003 
1.338309e+003 
1.338325e+003 
1.338340e+003 
1.338354e+003 
1.338370e+003 
1.338400e+003 
1.338415e+003 
1.338430e+003 
1.338444e+003 
1.338460e+003 
1.338475e+003 
1.338489e+003 
1.338505e+003 
1.338520e+003 
1.338551e+003 
1.338565e+003 
1.338579e+003 
1.338595e+003 
1.338610e+003 
1.338624e+003 
1.338640e+003 
1.338655e+003 
1.338669e+003 
1.338701e+003 
1.338714e+003 
1.338730e+003 
1.338745e+003 
1.338759e+003 
1.338775e+003 
1.338790e+003 
1.338804e+003 
1.338820e+003 
1.338850e+003 
1.338865e+003 
1.338880e+003 
1.338894e+003 
1.338910e+003 
1.338925e+003 
1.338939e+003 
1.338955e+003 
1.338970e+003 
1.339001e+003 
1.339015e+003 
1.339029e+003 
1.339045e+003 
1.339060e+003 
1.339074e+003 
1.339090e+003 
1.339105e+003 
1.339119e+003 
1.339151e+003 
1.339164e+003 
1.339180e+003 
1.339195e+003 
1.339209e+003 
1.339225e+003 
1.339240e+003 
1.339254e+003 
1.339270e+003 
1.339300e+003 
1.339315e+003 
1.339330e+003 
1.339344e+003 
1.339360e+003 
1.339375e+003 
1.339389e+003 
1.339405e+003 
1.339420e+003 
1.339451e+003 
1.339465e+003 
1.339479e+003 
1.339495e+003 
1.339510e+003 
1.339524e+003 
1.339540e+003 
1.339555e+003 
1.339569e+003 
1.339601e+003 
1.339614e+003 
1.339630e+003 
1.339645e+003 
1.339659e+003 
1.339675e+003 
1.339690e+003 
1.339704e+003 
1.339720e+003 
1.339750e+003 
1.339765e+003 
1.339780e+003 
1.339794e+003 
1.339810e+003 
1.339825e+003 
1.339839e+003 
1.339855e+003 
1.339870e+003 
1.339901e+003 
1.339915e+003 
1.339929e+003 
1.339945e+003 
1.339960e+003 
1.339974e+003 
1.339990e+003 
1.340005e+003 
1.340019e+003 
1.340051e+003 
1.340064e+003 
1.340080e+003 
1.340095e+003 
1.340109e+003 
1.340125e+003 
1.340140e+003 
1.340154e+003 
1.340170e+003 
1.340200e+003 
1.340215e+003 
1.340230e+003 
1.340244e+003 
1.340260e+003 
1.340275e+003 
1.340289e+003 
1.340305e+003 
1.340320e+003 
1.340351e+003 
1.340365e+003 
1.340379e+003 
1.340395e+003 
1.340410e+003 
1.340424e+003 
1.340440e+003 
1.340455e+003 
1.340469e+003 
1.340501e+003 
1.340514e+003 
1.340530e+003 
1.340545e+003 
1.340559e+003 
1.340575e+003 
1.340590e+003 
1.340604e+003 
1.340620e+003 
1.340650e+003 
1.340665e+003 
1.340680e+003 
1.340694e+003 
1.340710e+003 
1.340725e+003 
1.340739e+003 
1.340755e+003 
1.340770e+003 
1.340801e+003 
1.340815e+003 
1.340829e+003 
1.340845e+003 
1.340860e+003 
1.340874e+003 
1.340890e+003 
1.340905e+003 
1.340919e+003 
1.340951e+003 
1.340964e+003 
1.340980e+003 
1.340995e+003 
1.341009e+003 
1.341025e+003 
1.341040e+003 
1.341054e+003 
1.341070e+003 
1.341100e+003 
1.341115e+003 
1.341130e+003 
1.341144e+003 
1.341160e+003 
1.341175e+003 
1.341189e+003 
1.341205e+003 
1.341220e+003 
1.341251e+003 
1.341265e+003 
1.341279e+003 
1.341295e+003 
1.341310e+003 
1.341324e+003 
1.341340e+003 
1.341355e+003 
1.341369e+003 
1.341401e+003 
1.341414e+003 
1.341430e+003 
1.341445e+003 
1.341459e+003 
1.341475e+003 
1.341490e+003 
1.341504e+003 
1.341520e+003 
1.341550e+003 
1.341565e+003 
1.341580e+003 
1.341594e+003 
1.341610e+003 
1.341625e+003 
1.341639e+003 
1.341655e+003 
1.341670e+003 
1.341701e+003 
1.341715e+003 
1.341729e+003 
1.341745e+003 
1.341760e+003 
1.341774e+003 
1.341790e+003 
1.341805e+003 
1.341819e+003 
1.341851e+003 
1.341864e+003 
1.341880e+003 
1.341895e+003 
1.341909e+003 
1.341925e+003 
1.341940e+003 
1.341954e+003 
1.341970e+003 
1.342000e+003 
1.342015e+003 
1.342030e+003 
1.342044e+003 
1.342060e+003 
1.342075e+003 
1.342089e+003 
1.342105e+003 
1.342120e+003 
1.342151e+003 
1.342165e+003 
1.342179e+003 
1.342195e+003 
1.342210e+003 
1.342224e+003 
1.342240e+003 
1.342255e+003 
1.342269e+003 
1.342301e+003 
1.342314e+003 
1.342330e+003 
1.342345e+003 
1.342359e+003 
1.342375e+003 
1.342390e+003 
1.342404e+003 
1.342420e+003 
1.342450e+003 
1.342465e+003 
1.342480e+003 
1.342494e+003 
1.342510e+003 
1.342525e+003 
1.342539e+003 
1.342555e+003 
1.342570e+003 
1.342601e+003 
1.342615e+003 
1.342629e+003 
1.342645e+003 
1.342660e+003 
1.342674e+003 
1.342690e+003 
1.342705e+003 
1.342719e+003 
1.342751e+003 
1.342764e+003 
1.342780e+003 
1.342795e+003 
1.342809e+003 
1.342825e+003 
1.342840e+003 
1.342854e+003 
1.342870e+003 
    nan 
1.342915e+003 
1.342930e+003 
1.342944e+003 
1.342960e+003 
1.342975e+003 
1.342989e+003 
1.343005e+003 
1.343020e+003 
    nan 
    nan 
    nan 
    nan 
    nan 
    nan 
    nan 
    nan 
    nan 
1.343201e+003 
1.343214e+003 
1.343230e+003 
1.343245e+003 
1.343259e+003 
    nan 
    nan 
    nan 
    nan 
    nan 
    nan 
    nan 
1.343394e+003 
1.343410e+003 
1.343425e+003 
1.343441e+003 
1.343455e+003 
1.343470e+003 
1.343501e+003 
1.343515e+003 
1.343529e+003 
1.343545e+003 
1.343560e+003 
1.343574e+003 
1.343590e+003 
1.343605e+003 
1.343619e+003 
1.343651e+003 
1.343664e+003 
1.343680e+003 
1.343695e+003 
1.343709e+003 
1.343725e+003 
1.343740e+003 
1.343754e+003 
1.343770e+003 
1.343800e+003 
1.343815e+003 
1.343830e+003 
1.343844e+003 
1.343860e+003 
1.343875e+003 
1.343889e+003 
1.343905e+003 
1.343920e+003 
1.343951e+003 
1.343965e+003 
1.343979e+003 
1.343995e+003 
1.344010e+003 
1.344027e+003 
1.344040e+003 
1.344055e+003 
1.344069e+003 
1.344101e+003 
    nan 
1.344130e+003 
1.344145e+003 
1.344159e+003 
1.344175e+003 
1.344190e+003 
1.344204e+003 
1.344220e+003 
    nan 
1.344265e+003 
1.344280e+003 
    nan 
1.344310e+003 
1.344325e+003 
1.344339e+003 
1.344355e+003 
1.344370e+003 
1.344401e+003 
1.344415e+003 
1.344429e+003 
1.344445e+003 
1.344460e+003 
1.344474e+003 
1.344490e+003 
1.344505e+003 
    nan 
1.344551e+003 
1.344564e+003 
1.344580e+003 
1.344595e+003 
1.344609e+003 
1.344625e+003 
1.344640e+003 
1.344654e+003 
1.344670e+003 
1.344700e+003 
1.344715e+003 
1.344730e+003 
    nan 
1.344760e+003 
1.344775e+003 
1.344789e+003 
1.344805e+003 
1.344820e+003 
1.344851e+003 
1.344865e+003 
1.344879e+003 
1.344895e+003 
1.344910e+003 
1.344924e+003 
1.344940e+003 
1.344955e+003 
1.344969e+003 
1.345001e+003 
1.345014e+003 
1.345030e+003 
1.345045e+003 
1.345059e+003 
1.345075e+003 
1.345090e+003 
1.345104e+003 
1.345120e+003 
1.345150e+003 
1.345165e+003 
1.345180e+003 
1.345194e+003 
1.345210e+003 
1.345225e+003 
    nan 
1.345255e+003 
1.345270e+003 
1.345301e+003 
1.345315e+003 
1.345329e+003 
1.345345e+003 
1.345360e+003 
1.345374e+003 
1.345390e+003 
1.345405e+003 
1.345419e+003 
1.345451e+003 
    nan 
1.345480e+003 
1.345495e+003 
1.345509e+003 
1.345525e+003 
1.345540e+003 
    nan 
1.345570e+003 
    nan 
1.345615e+003 
1.345630e+003 
    nan 
1.345660e+003 
1.345675e+003 
1.345689e+003 
    nan 
1.345720e+003 
    nan 
1.345765e+003 
1.345779e+003 
    nan 
1.345810e+003 
1.345824e+003 
1.345840e+003 
1.345855e+003 
1.345869e+003 
1.345901e+003 
1.345914e+003 
1.345930e+003 
1.345945e+003 
1.345959e+003 
1.345975e+003 
1.345990e+003 
1.346004e+003 
1.346020e+003 
1.346050e+003 
1.346065e+003 
1.346080e+003 
1.346094e+003 
1.346110e+003 
1.346125e+003 
    nan 
1.346155e+003 
1.346170e+003 
1.346201e+003 
1.346215e+003 
1.346229e+003 
1.346245e+003 
1.346260e+003 
1.346274e+003 
1.346290e+003 
1.346305e+003 
1.346319e+003 
1.346351e+003 
1.346364e+003 
1.346380e+003 
1.346395e+003 
1.346409e+003 
1.346425e+003 
1.346440e+003 
1.346454e+003 
1.346470e+003 
1.346500e+003 
1.346515e+003 
1.346530e+003 
1.346544e+003 
1.346560e+003 
1.346575e+003 
1.346589e+003 
1.346605e+003 
1.346620e+003 
1.346651e+003 
1.346665e+003 
1.346679e+003 
1.346695e+003 
1.346710e+003 
1.346724e+003 
1.346740e+003 
1.346755e+003 
1.346769e+003 
1.346801e+003 
1.346814e+003 
1.346830e+003 
1.346845e+003 
1.346859e+003 
1.346875e+003 
1.346890e+003 
1.346904e+003 
1.346920e+003 
1.346950e+003 
1.346965e+003 
1.346980e+003 
1.346994e+003 
1.347010e+003 
    nan 
    nan 
1.347055e+003 
1.347070e+003 
1.347101e+003 
1.347115e+003 
1.347129e+003 
1.347145e+003 
1.347160e+003 
1.347174e+003 
1.347190e+003 
1.347205e+003 
1.347219e+003 
1.347251e+003 
1.347264e+003 
1.347280e+003 
1.347295e+003 
1.347309e+003 
1.347325e+003 
1.347340e+003 
1.347354e+003 
1.347370e+003 
1.347400e+003 
1.347415e+003 
1.347430e+003 
1.347444e+003 
1.347460e+003 
1.347475e+003 
1.347489e+003 
1.347505e+003 
1.347520e+003 
1.347551e+003 
1.347565e+003 
1.347579e+003 
1.347595e+003 
1.347610e+003 
1.347624e+003 
1.347640e+003 
1.347655e+003 
1.347669e+003 
1.347701e+003 
1.347714e+003 
1.347730e+003 
1.347745e+003 
1.347759e+003 
1.347775e+003 
1.347790e+003 
1.347804e+003 
1.347820e+003 
1.347850e+003 
1.347865e+003 
1.347880e+003 
1.347894e+003 
1.347910e+003 
1.347925e+003 
1.347939e+003 
1.347955e+003 
1.347970e+003 
1.348001e+003 
1.348015e+003 
1.348029e+003 
1.348045e+003 
1.348060e+003 
1.348074e+003 
1.348090e+003 
1.348105e+003 
1.348119e+003 
1.348151e+003 
1.348164e+003 
1.348180e+003 
1.348195e+003 
1.348209e+003 
1.348225e+003 
1.348240e+003 
1.348254e+003 
1.348270e+003 
1.348300e+003 
1.348315e+003 
1.348330e+003 
1.348344e+003 
1.348360e+003 
1.348375e+003 
1.348389e+003 
1.348405e+003 
1.348420e+003 
1.348451e+003 
1.348465e+003 
1.348479e+003 
1.348495e+003 
1.348510e+003 
1.348524e+003 
1.348540e+003 
1.348555e+003 
1.348569e+003 
1.348601e+003 
1.348614e+003 
    nan 
1.348645e+003 
1.348659e+003 
    nan 
1.348690e+003 
1.348704e+003 
    nan 
1.348750e+003 
    nan 
1.348780e+003 
1.348794e+003 
    nan 
1.348825e+003 
1.348839e+003 
1.348855e+003 
1.348870e+003 
1.348901e+003 
1.348915e+003 
1.348929e+003 
    nan 
1.348960e+003 
1.348974e+003 
    nan 
1.349005e+003 
1.349019e+003 
1.349051e+003 
1.349064e+003 
1.349080e+003 
1.349095e+003 
1.349109e+003 
1.349125e+003 
1.349140e+003 
1.349154e+003 
1.349170e+003 
1.349200e+003 
1.349215e+003 
1.349230e+003 
1.349244e+003 
    nan 
1.349275e+003 
1.349289e+003 
    nan 
1.349320e+003 
1.349351e+003 
1.349365e+003 
1.349379e+003 
1.349395e+003 
1.349410e+003 
1.349424e+003 
1.349440e+003 
1.349455e+003 
1.349469e+003 
1.349501e+003 
1.349514e+003 
    nan 
1.349545e+003 
1.349559e+003 
    nan 
1.349590e+003 
1.349604e+003 
    nan 
1.349650e+003 
    nan 
1.349680e+003 
1.349694e+003 
    nan 
1.349725e+003 
1.349739e+003 
    nan 
1.349770e+003 
    nan 
1.349815e+003 
1.349829e+003 
    nan 
1.349860e+003 
1.349874e+003 
    nan 
1.349905e+003 
1.349919e+003 
1.349951e+003 
1.349964e+003 
    nan 
1.349995e+003 
1.350009e+003 
    nan 
1.350040e+003 
1.350054e+003 
    nan 
1.350100e+003 
    nan 
1.350130e+003 
1.350144e+003 
    nan 
1.350175e+003 
1.350189e+003 
    nan 
1.350220e+003 
    nan 
1.350265e+003 
1.350279e+003 
    nan 
1.350310e+003 
1.350324e+003 
    nan 
1.350355e+003 
1.350369e+003 
1.350401e+003 
1.350414e+003 
    nan 
1.350445e+003 
1.350459e+003 
    nan 
1.350490e+003 
1.350504e+003 
    nan 
1.350550e+003 
    nan 
1.350580e+003 
1.350594e+003 
    nan 
1.350625e+003 
1.350639e+003 
    nan 
1.350670e+003 
    nan 
1.350715e+003 
1.350729e+003 
1.350745e+003 
1.350760e+003 
1.350774e+003 
1.350790e+003 
1.350805e+003 
1.350819e+003 
1.350851e+003 
1.350864e+003 
    nan 
1.350895e+003 
1.350909e+003 
    nan 
1.350940e+003 
1.350954e+003 
    nan 
1.351000e+003 
    nan 
1.351030e+003 
1.351044e+003 
1.351060e+003 
1.351075e+003 
1.351089e+003 
1.351105e+003 
1.351120e+003 
1.351151e+003 
1.351165e+003 
1.351179e+003 
1.351195e+003 
1.351210e+003 
1.351224e+003 
1.351240e+003 
1.351255e+003 
1.351269e+003 
1.351301e+003 
1.351314e+003 
1.351330e+003 
1.351345e+003 
1.351359e+003 
1.351379e+003 
1.351390e+003 
1.351404e+003 
1.351420e+003 
1.351450e+003 
1.351465e+003 
    nan 
1.351494e+003 
1.351510e+003 
    nan 
1.351539e+003 
1.351555e+003 
    nan 
1.351601e+003 
    nan 
1.351629e+003 
1.351645e+003 
    nan 
1.351674e+003 
1.351690e+003 
    nan 
1.351719e+003 
    nan 
1.351764e+003 
1.351780e+003 
    nan 
1.351809e+003 
1.351825e+003 
    nan 
1.351854e+003 
1.351870e+003 
1.351900e+003 
1.351915e+003 
    nan 
1.351944e+003 
1.351960e+003 
    nan 
1.352005e+003 
    nan 
1.352051e+003 
    nan 
1.352079e+003 
1.352095e+003 
1.352110e+003 
1.352124e+003 
1.352140e+003 
    nan 
1.352169e+003 
    nan 
1.352214e+003 
1.352230e+003 
    nan 
1.352259e+003 
1.352275e+003 
    nan 
1.352304e+003 
1.352320e+003 
1.352350e+003 
1.352365e+003 
    nan 
1.352394e+003 
1.352410e+003 
1.352425e+003 
1.352439e+003 
1.352455e+003 
1.352470e+003 
1.352501e+003 
1.352515e+003 
1.352529e+003 
1.352545e+003 
    nan 
1.352574e+003 
1.352590e+003 
    nan 
1.352619e+003 
    nan 
1.352664e+003 
1.352680e+003 
1.352695e+003 
1.352709e+003 
1.352725e+003 
1.352740e+003 
1.352754e+003 
1.352771e+003 
1.352800e+003 
1.352815e+003 
    nan 
1.352844e+003 
1.352860e+003 
    nan 
1.352889e+003 
1.352905e+003 
    nan 
1.352951e+003 
1.352965e+003 
1.352979e+003 
1.352995e+003 
1.353010e+003 
1.353024e+003 
1.353040e+003 
1.353055e+003 
1.353069e+003 
1.353101e+003 
1.353114e+003 
1.353130e+003 
    nan 
1.353159e+003 
1.353175e+003 
    nan 
1.353204e+003 
1.353220e+003 
1.353250e+003 
1.353265e+003 
    nan 
1.353294e+003 
1.353310e+003 
    nan 
1.353339e+003 
1.353355e+003 
1.353370e+003 
1.353401e+003 
1.353415e+003 
1.353429e+003 
1.353445e+003 
    nan 
1.353474e+003 
1.353490e+003 
    nan 
1.353519e+003 
    nan 
1.353564e+003 
1.353580e+003 
    nan 
1.353609e+003 
1.353625e+003 
    nan 
1.353654e+003 
1.353670e+003 
1.353700e+003 
1.353715e+003 
    nan 
1.353744e+003 
1.353760e+003 
    nan 
1.353789e+003 
1.353805e+003 
    nan 
1.353851e+003 
    nan 
1.353879e+003 
1.353895e+003 
    nan 
1.353924e+003 
1.353940e+003 
1.353955e+003 
1.353969e+003 
1.354001e+003 
1.354014e+003 
1.354030e+003 
1.354045e+003 
1.354059e+003 
1.354075e+003 
1.354090e+003 
    nan 
    nan 
    nan 
1.354165e+003 
    nan 
    nan 
    nan 
    nan 
1.354239e+003 
1.354255e+003 
1.354270e+003 
1.354302e+003 
1.354315e+003 
1.354329e+003 
    nan 
    nan 
    nan 
    nan 
1.354405e+003 
    nan 
1.354451e+003 
1.354464e+003 
1.354480e+003 
1.354495e+003 
1.354509e+003 
1.354525e+003 
1.354540e+003 
1.354554e+003 
1.354570e+003 
1.354600e+003 
1.354615e+003 
1.354630e+003 
1.354644e+003 
1.354660e+003 
1.354675e+003 
1.354689e+003 
1.354705e+003 
1.354720e+003 
1.354751e+003 
1.354765e+003 
1.354779e+003 
1.354795e+003 
1.354810e+003 
1.354824e+003 
1.354840e+003 
1.354855e+003 
1.354869e+003 
1.354901e+003 
1.354914e+003 
1.354930e+003 
1.354945e+003 
1.354959e+003 
1.354975e+003 
1.354990e+003 
1.355004e+003 
1.355020e+003 
1.355050e+003 
1.355065e+003 
1.355082e+003 
1.355094e+003 
1.355110e+003 
1.355125e+003 
1.355139e+003 
1.355155e+003 
1.355170e+003 
1.355201e+003 
1.355215e+003 
1.355229e+003 
1.355245e+003 
1.355260e+003 
1.355274e+003 
1.355290e+003 
1.355305e+003 
1.355319e+003 
1.355351e+003 
1.355364e+003 
1.355380e+003 
1.355395e+003 
1.355409e+003 
1.355425e+003 
1.355440e+003 
1.355454e+003 
1.355470e+003 
1.355500e+003 
1.355515e+003 
1.355530e+003 
1.355544e+003 
1.355560e+003 
1.355575e+003 
1.355589e+003 
1.355605e+003 
1.355620e+003 
1.355651e+003 
1.355665e+003 
1.355679e+003 
1.355695e+003 
1.355710e+003 
1.355724e+003 
1.355740e+003 
1.355755e+003 
1.355769e+003 
1.355801e+003 
1.355814e+003 
1.355830e+003 
1.355845e+003 
1.355859e+003 
1.355875e+003 
1.355890e+003 
1.355904e+003 
1.355920e+003 
1.355950e+003 
1.355965e+003 
1.355980e+003 
1.355994e+003 
1.356010e+003 
1.356025e+003 
1.356039e+003 
1.356055e+003 
1.356070e+003 
1.356101e+003 
1.356115e+003 
1.356129e+003 
1.356145e+003 
1.356160e+003 
1.356174e+003 
1.356190e+003 
1.356205e+003 
1.356224e+003 
1.356251e+003 
1.356264e+003 
1.356280e+003 
1.356295e+003 
1.356309e+003 
1.356325e+003 
1.356340e+003 
1.356354e+003 
1.356370e+003 
1.356400e+003 
1.356415e+003 
1.356430e+003 
1.356444e+003 
1.356460e+003 
1.356475e+003 
1.356489e+003 
1.356505e+003 
1.356520e+003 
1.356551e+003 
1.356565e+003 
1.356579e+003 
1.356595e+003 
1.356610e+003 
1.356624e+003 
1.356640e+003 
1.356655e+003 
1.356669e+003 
1.356701e+003 
1.356714e+003 
1.356730e+003 
1.356745e+003 
1.356759e+003 
1.356775e+003 
1.356790e+003 
1.356804e+003 
1.356820e+003 
1.356850e+003 
1.356865e+003 
1.356880e+003 
1.356894e+003 
1.356910e+003 
1.356925e+003 
1.356939e+003 
1.356955e+003 
1.356970e+003 
    nan 
1.357015e+003 
1.357029e+003 
1.357045e+003 
1.357060e+003 
1.357074e+003 
1.357090e+003 
1.357105e+003 
1.357119e+003 
1.357151e+003 
1.357164e+003 
1.357180e+003 
1.357195e+003 
1.357209e+003 
1.357225e+003 
1.357240e+003 
1.357254e+003 
1.357270e+003 
1.357300e+003 
1.357315e+003 
1.357330e+003 
1.357344e+003 
1.357360e+003 
1.357375e+003 
1.357389e+003 
1.357405e+003 
1.357420e+003 
1.357451e+003 
1.357465e+003 
1.357479e+003 
1.357495e+003 
1.357510e+003 
1.357524e+003 
1.357540e+003 
1.357555e+003 
1.357569e+003 
1.357601e+003 
1.357614e+003 
1.357630e+003 
1.357645e+003 
1.357659e+003 
1.357675e+003 
1.357690e+003 
1.357704e+003 
1.357720e+003 
1.357750e+003 
1.357765e+003 
1.357780e+003 
1.357794e+003 
1.357810e+003 
1.357825e+003 
1.357839e+003 
1.357855e+003 
1.357870e+003 
1.357901e+003 
1.357915e+003 
1.357929e+003 
1.357945e+003 
1.357960e+003 
1.357974e+003 
1.357990e+003 
1.358005e+003 
1.358019e+003 
1.358051e+003 
1.358064e+003 
1.358080e+003 
1.358095e+003 
1.358109e+003 
1.358125e+003 
1.358140e+003 
1.358154e+003 
1.358170e+003 
1.358200e+003 
1.358215e+003 
1.358230e+003 
1.358244e+003 
1.358260e+003 
1.358275e+003 
1.358289e+003 
1.358305e+003 
1.358320e+003 
1.358351e+003 
1.358365e+003 
1.358379e+003 
1.358395e+003 
1.358410e+003 
1.358424e+003 
1.358440e+003 
1.358455e+003 
1.358469e+003 
    nan 
    nan 
    nan 
1.358545e+003 
1.358559e+003 
1.358575e+003 
1.358590e+003 
1.358604e+003 
1.358620e+003 
1.358650e+003 
1.358665e+003 
1.358680e+003 
1.358694e+003 
1.358710e+003 
1.358725e+003 
1.358739e+003 
1.358755e+003 
1.358770e+003 
1.358801e+003 
1.358815e+003 
1.358829e+003 
1.358845e+003 
1.358860e+003 
1.358874e+003 
1.358890e+003 
1.358905e+003 
1.358919e+003 
1.358951e+003 
1.358964e+003 
1.358980e+003 
1.358995e+003 
1.359009e+003 
1.359025e+003 
1.359040e+003 
1.359054e+003 
1.359070e+003 
1.359100e+003 
1.359115e+003 
1.359130e+003 
1.359144e+003 
1.359160e+003 
1.359175e+003 
1.359189e+003 
1.359205e+003 
1.359220e+003 
1.359251e+003 
1.359265e+003 
1.359279e+003 
1.359295e+003 
1.359310e+003 
1.359324e+003 
1.359340e+003 
1.359355e+003 
1.359369e+003 
1.359401e+003 
1.359414e+003 
1.359430e+003 
1.359445e+003 
1.359459e+003 
1.359475e+003 
1.359490e+003 
1.359504e+003 
1.359520e+003 
    nan 
1.359565e+003 
1.359580e+003 
1.359594e+003 
1.359610e+003 
    nan 
1.359639e+003 
1.359655e+003 
    nan 
1.359701e+003 
    nan 
1.359729e+003 
1.359745e+003 
    nan 
1.359774e+003 
1.359790e+003 
1.359805e+003 
1.359819e+003 
1.359851e+003 
1.359864e+003 
1.359880e+003 
1.359895e+003 
1.359909e+003 
1.359925e+003 
1.359940e+003 
1.359954e+003 
1.359970e+003 
1.360000e+003 
1.360015e+003 
1.360030e+003 
1.360044e+003 
1.360060e+003 
1.360075e+003 
1.360089e+003 
1.360105e+003 
1.360120e+003 
1.360151e+003 
1.360165e+003 
1.360179e+003 
1.360195e+003 
1.360210e+003 
1.360224e+003 
1.360240e+003 
1.360255e+003 
1.360269e+003 
1.360301e+003 
1.360314e+003 
1.360330e+003 
1.360345e+003 
1.360359e+003 
1.360375e+003 
1.360390e+003 
1.360404e+003 
1.360420e+003 
1.360450e+003 
1.360465e+003 
1.360480e+003 
1.360494e+003 
1.360510e+003 
1.360525e+003 
1.360539e+003 
1.360555e+003 
1.360570e+003 
1.360601e+003 
1.360615e+003 
1.360629e+003 
1.360645e+003 
1.360660e+003 
1.360673e+003 
1.360690e+003 
1.360705e+003 
1.360718e+003 
1.360751e+003 
1.360764e+003 
1.360780e+003 
1.360795e+003 
1.360808e+003 
1.360825e+003 
1.360840e+003 
1.360853e+003 
1.360870e+003 
1.360900e+003 
1.360915e+003 
1.360930e+003 
1.360943e+003 
1.360960e+003 
1.360975e+003 
1.360988e+003 
1.361005e+003 
1.361020e+003 
1.361051e+003 
1.361065e+003 
1.361078e+003 
1.361095e+003 
1.361110e+003 
1.361124e+003 
1.361140e+003 
1.361155e+003 
1.361169e+003 
1.361201e+003 
1.361214e+003 
1.361230e+003 
1.361245e+003 
1.361258e+003 
1.361275e+003 
1.361290e+003 
1.361303e+003 
1.361320e+003 
1.361350e+003 
1.361365e+003 
1.361380e+003 
1.361393e+003 
1.361410e+003 
1.361425e+003 
1.361438e+003 
1.361455e+003 
1.361470e+003 
1.361501e+003 
1.361515e+003 
1.361528e+003 
1.361545e+003 
1.361560e+003 
1.361573e+003 
1.361590e+003 
1.361605e+003 
1.361618e+003 
1.361651e+003 
1.361663e+003 
1.361680e+003 
    nan 
1.361708e+003 
1.361725e+003 
    nan 
1.361753e+003 
1.361770e+003 
1.361799e+003 
1.361815e+003 
    nan 
1.361843e+003 
1.361860e+003 
    nan 
1.361888e+003 
1.361905e+003 
    nan 
1.361951e+003 
    nan 
1.361978e+003 
1.361995e+003 
    nan 
1.362023e+003 
1.362040e+003 
    nan 
1.362068e+003 
    nan 
1.362113e+003 
1.362130e+003 
    nan 
1.362158e+003 
1.362175e+003 
    nan 
1.362203e+003 
1.362220e+003 
1.362249e+003 
1.362265e+003 
    nan 
1.362293e+003 
1.362310e+003 
    nan 
1.362338e+003 
1.362355e+003 
    nan 
1.362401e+003 
    nan 
1.362428e+003 
1.362444e+003 
    nan 
1.362473e+003 
1.362490e+003 
    nan 
1.362518e+003 
    nan 
1.362563e+003 
1.362579e+003 
    nan 
1.362608e+003 
1.362625e+003 
    nan 
1.362653e+003 
1.362670e+003 
1.362700e+003 
1.362714e+003 
    nan 
1.362743e+003 
1.362760e+003 
    nan 
1.362788e+003 
1.362805e+003 
    nan 
1.362851e+003 
    nan 
1.362878e+003 
1.362894e+003 
    nan 
1.362923e+003 
1.362939e+003 
1.362954e+003 
1.362968e+003 
1.363001e+003 
1.363013e+003 
1.363030e+003 
1.363044e+003 
1.363058e+003 
1.363074e+003 
1.363089e+003 
1.363103e+003 
1.363119e+003 
1.363149e+003 
1.363164e+003 
1.363179e+003 
1.363193e+003 
1.363209e+003 
1.363224e+003 
1.363238e+003 
1.363255e+003 
1.363270e+003 
1.363301e+003 
1.363314e+003 
1.363329e+003 
1.363344e+003 
1.363359e+003 
1.363374e+003 
1.363390e+003 
1.363404e+003 
1.363419e+003 
1.363451e+003 
1.363464e+003 
1.363479e+003 
1.363494e+003 
1.363509e+003 
1.363524e+003 
1.363539e+003 
1.363554e+003 
1.363569e+003 
1.363600e+003 
1.363614e+003 
1.363629e+003 
1.363644e+003 
1.363659e+003 
1.363674e+003 
1.363689e+003 
1.363704e+003 
1.363719e+003 
1.363751e+003 
1.363764e+003 
1.363779e+003 
1.363795e+003 
1.363809e+003 
1.363824e+003 
1.363839e+003 
1.363854e+003 
1.363869e+003 
1.363901e+003 
1.363914e+003 
1.363929e+003 
1.363944e+003 
1.363959e+003 
1.363974e+003 
1.363989e+003 
1.364004e+003 
1.364019e+003 
1.364050e+003 
1.364064e+003 
1.364079e+003 
1.364094e+003 
1.364109e+003 
1.364124e+003 
1.364139e+003 
1.364154e+003 
1.364169e+003 
1.364201e+003 
1.364214e+003 
1.364229e+003 
1.364244e+003 
1.364274e+003 
1.364289e+003 
1.364305e+003 
1.364319e+003 
1.364351e+003 
1.364364e+003 
1.364379e+003 
1.364394e+003 
1.364409e+003 
1.364424e+003 
1.364439e+003 
1.364454e+003 
1.364469e+003 
1.364500e+003 
    nan 
1.364529e+003 
1.364544e+003 
    nan 
1.364574e+003 
1.364588e+003 
    nan 
1.364619e+003 
1.364651e+003 
1.364664e+003 
1.364679e+003 
1.364694e+003 
1.364709e+003 
1.364724e+003 
1.364739e+003 
1.364754e+003 
1.364769e+003 
1.364800e+003 
1.364814e+003 
1.364829e+003 
1.364844e+003 
1.364859e+003 
1.364874e+003 
1.364889e+003 
1.364904e+003 
1.364919e+003 
1.364950e+003 
1.364964e+003 
1.364979e+003 
1.364994e+003 
1.365009e+003 
1.365024e+003 
1.365039e+003 
1.365054e+003 
1.365069e+003 
1.365100e+003 
1.365114e+003 
1.365129e+003 
    nan 
1.365159e+003 
1.365174e+003 
1.365189e+003 
1.365204e+003 
1.365219e+003 
1.365250e+003 
1.365263e+003 
1.365279e+003 
1.365294e+003 
1.365308e+003 
1.365324e+003 
1.365339e+003 
1.365353e+003 
1.365369e+003 
1.365399e+003 
1.365414e+003 
1.365429e+003 
1.365443e+003 
1.365459e+003 
1.365474e+003 
1.365488e+003 
1.365504e+003 
1.365519e+003 
1.365550e+003 
1.365564e+003 
1.365578e+003 
1.365594e+003 
1.365609e+003 
1.365623e+003 
1.365639e+003 
1.365654e+003 
1.365668e+003 
1.365700e+003 
1.365713e+003 
    nan 
1.365744e+003 
1.365758e+003 
    nan 
1.365789e+003 
1.365803e+003 
    nan 
1.365849e+003 
1.365864e+003 
1.365879e+003 
1.365893e+003 
1.365909e+003 
1.365924e+003 
1.365938e+003 
1.365954e+003 
1.365969e+003 
1.366000e+003 
1.366014e+003 
1.366028e+003 
1.366044e+003 
1.366059e+003 
1.366073e+003 
1.366089e+003 
1.366104e+003 
1.366118e+003 
1.366150e+003 
1.366163e+003 
1.366179e+003 
1.366194e+003 
1.366208e+003 
1.366224e+003 
1.366239e+003 
1.366253e+003 
1.366269e+003 
1.366299e+003 
1.366314e+003 
1.366329e+003 
1.366343e+003 
1.366359e+003 
1.366374e+003 
1.366388e+003 
1.366404e+003 
1.366419e+003 
1.366450e+003 
1.366464e+003 
1.366478e+003 
1.366494e+003 
1.366509e+003 
1.366523e+003 
1.366539e+003 
1.366554e+003 
1.366568e+003 
1.366600e+003 
1.366613e+003 
1.366629e+003 
1.366644e+003 
1.366658e+003 
1.366674e+003 
1.366689e+003 
1.366703e+003 
1.366719e+003 
1.366749e+003 
1.366764e+003 
1.366779e+003 
1.366793e+003 
1.366809e+003 
1.366824e+003 
1.366838e+003 
1.366854e+003 
1.366869e+003 
1.366900e+003 
1.366914e+003 
1.366928e+003 
1.366944e+003 
1.366959e+003 
1.366973e+003 
1.366989e+003 
1.367004e+003 
1.367018e+003 
1.367050e+003 
1.367063e+003 
1.367079e+003 
1.367094e+003 
1.367108e+003 
1.367124e+003 
1.367139e+003 
1.367153e+003 
1.367169e+003 
1.367199e+003 
1.367214e+003 
1.367229e+003 
1.367243e+003 
1.367259e+003 
1.367274e+003 
1.367288e+003 
1.367304e+003 
1.367319e+003 
1.367350e+003 
1.367364e+003 
1.367378e+003 
1.367394e+003 
1.367409e+003 
1.367423e+003 
1.367439e+003 
1.367454e+003 
1.367468e+003 
1.367500e+003 
1.367513e+003 
1.367529e+003 
1.367544e+003 
1.367558e+003 
1.367574e+003 
1.367589e+003 
1.367603e+003 
1.367619e+003 
1.367649e+003 
1.367664e+003 
1.367679e+003 
1.367693e+003 
1.367709e+003 
1.367724e+003 
1.367738e+003 
1.367754e+003 
1.367769e+003 
1.367800e+003 
1.367814e+003 
1.367828e+003 
1.367844e+003 
1.367859e+003 
1.367873e+003 
1.367889e+003 
1.367904e+003 
1.367918e+003 
1.367950e+003 
1.367963e+003 
1.367979e+003 
1.367994e+003 
1.368008e+003 
1.368024e+003 
1.368039e+003 
1.368053e+003 
1.368069e+003 
    nan 
1.368114e+003 
1.368129e+003 
1.368143e+003 
1.368159e+003 
1.368174e+003 
1.368188e+003 
1.368204e+003 
1.368219e+003 
1.368250e+003 
1.368264e+003 
    nan 
1.368294e+003 
1.368309e+003 
1.368323e+003 
1.368339e+003 
1.368354e+003 
1.368368e+003 
1.368400e+003 
1.368413e+003 
1.368429e+003 
1.368444e+003 
1.368458e+003 
1.368474e+003 
1.368489e+003 
1.368503e+003 
1.368519e+003 
1.368549e+003 
1.368564e+003 
1.368579e+003 
1.368593e+003 
1.368609e+003 
1.368624e+003 
1.368638e+003 
1.368654e+003 
1.368669e+003 
1.368700e+003 
1.368714e+003 
1.368728e+003 
1.368744e+003 
1.368759e+003 
    nan 
1.368789e+003 
1.368804e+003 
1.368818e+003 
1.368850e+003 
    nan 
1.368879e+003 
1.368894e+003 
1.368908e+003 
1.368924e+003 
1.368939e+003 
    nan 
1.368969e+003 
1.368999e+003 
1.369014e+003 
1.369029e+003 
1.369043e+003 
1.369059e+003 
1.369074e+003 
1.369088e+003 
1.369104e+003 
1.369119e+003 
1.369150e+003 
1.369164e+003 
1.369178e+003 
1.369194e+003 
1.369209e+003 
1.369223e+003 
1.369239e+003 
1.369254e+003 
1.369268e+003 
1.369300e+003 
1.369313e+003 
1.369329e+003 
1.369344e+003 
1.369358e+003 
1.369374e+003 
1.369389e+003 
1.369403e+003 
1.369419e+003 
1.369449e+003 
1.369464e+003 
1.369479e+003 
1.369493e+003 
1.369509e+003 
1.369524e+003 
1.369538e+003 
1.369554e+003 
1.369569e+003 
1.369600e+003 
1.369614e+003 
1.369628e+003 
1.369644e+003 
1.369659e+003 
1.369673e+003 
1.369689e+003 
1.369704e+003 
1.369718e+003 
1.369750e+003 
1.369763e+003 
1.369779e+003 
1.369794e+003 
1.369808e+003 
1.369824e+003 
1.369839e+003 
1.369853e+003 
1.369869e+003 
1.369899e+003 
1.369914e+003 
1.369929e+003 
1.369943e+003 
1.369959e+003 
1.369974e+003 
1.369988e+003 
1.370004e+003 
1.370019e+003 
1.370050e+003 
1.370064e+003 
1.370078e+003 
1.370094e+003 
1.370109e+003 
1.370123e+003 
1.370139e+003 
1.370154e+003 
1.370168e+003 
1.370200e+003 
1.370213e+003 
1.370229e+003 
1.370244e+003 
1.370258e+003 
1.370274e+003 
1.370289e+003 
1.370303e+003 
1.370319e+003 
1.370349e+003 
1.370364e+003 
1.370379e+003 
    nan 
1.370409e+003 
1.370424e+003 
1.370438e+003 
1.370454e+003 
1.370469e+003 
1.370500e+003 
1.370514e+003 
1.370528e+003 
1.370544e+003 
1.370559e+003 
1.370573e+003 
1.370589e+003 
1.370604e+003 
1.370618e+003 
1.370650e+003 
1.370663e+003 
1.370679e+003 
1.370694e+003 
    nan 
1.370724e+003 
1.370739e+003 
    nan 
1.370769e+003 
1.370801e+003 
1.370814e+003 
1.370829e+003 
1.370843e+003 
1.370859e+003 
1.370874e+003 
1.370888e+003 
1.370904e+003 
1.370919e+003 
1.370950e+003 
1.370964e+003 
1.370978e+003 
1.370994e+003 
1.371009e+003 
1.371023e+003 
1.371039e+003 
1.371054e+003 
1.371068e+003 
1.371100e+003 
    nan 
1.371129e+003 
1.371144e+003 
    nan 
1.371174e+003 
1.371189e+003 
1.371203e+003 
1.371219e+003 
1.371249e+003 
1.371264e+003 
1.371279e+003 
1.371293e+003 
1.371309e+003 
1.371324e+003 
1.371338e+003 
1.371354e+003 
1.371369e+003 
1.371400e+003 
1.371414e+003 
1.371428e+003 
1.371444e+003 
1.371459e+003 
1.371473e+003 
1.371489e+003 
1.371504e+003 
1.371518e+003 
1.371550e+003 
1.371563e+003 
1.371579e+003 
1.371594e+003 
1.371608e+003 
1.371624e+003 
1.371639e+003 
1.371653e+003 
1.371669e+003 
1.371699e+003 
1.371714e+003 
1.371729e+003 
1.371743e+003 
1.371759e+003 
1.371774e+003 
    nan 
1.371804e+003 
1.371819e+003 
1.371850e+003 
1.371864e+003 
1.371878e+003 
1.371894e+003 
1.371909e+003 
1.371923e+003 
1.371939e+003 
1.371954e+003 
1.371968e+003 
1.372000e+003 
1.372013e+003 
1.372029e+003 
1.372044e+003 
    nan 
1.372074e+003 
1.372089e+003 
1.372103e+003 
1.372119e+003 
    nan 
1.372164e+003 
1.372179e+003 
1.372193e+003 
1.372209e+003 
1.372224e+003 
1.372238e+003 
1.372254e+003 
1.372269e+003 
1.372300e+003 
1.372314e+003 
1.372328e+003 
1.372344e+003 
1.372359e+003 
1.372373e+003 
1.372389e+003 
1.372404e+003 
1.372418e+003 
1.372450e+003 
1.372463e+003 
1.372479e+003 
1.372494e+003 
1.372508e+003 
1.372524e+003 
1.372539e+003 
1.372553e+003 
1.372569e+003 
1.372599e+003 
1.372614e+003 
1.372629e+003 
1.372643e+003 
1.372659e+003 
1.372674e+003 
1.372688e+003 
1.372704e+003 
1.372719e+003 
1.372750e+003 
1.372764e+003 
1.372778e+003 
1.372794e+003 
1.372809e+003 
1.372823e+003 
1.372839e+003 
1.372854e+003 
1.372868e+003 
1.372900e+003 
1.372913e+003 
1.372929e+003 
1.372944e+003 
1.372958e+003 
1.372974e+003 
1.372989e+003 
1.373003e+003 
1.373019e+003 
1.373049e+003 
1.373064e+003 
1.373079e+003 
1.373093e+003 
1.373109e+003 
1.373124e+003 
1.373138e+003 
1.373154e+003 
1.373169e+003 
1.373200e+003 
1.373214e+003 
1.373228e+003 
1.373244e+003 
1.373259e+003 
1.373273e+003 
1.373289e+003 
1.373304e+003 
1.373318e+003 
1.373350e+003 
1.373363e+003 
1.373379e+003 
1.373394e+003 
1.373408e+003 
1.373424e+003 
1.373439e+003 
1.373453e+003 
1.373469e+003 
1.373499e+003 
1.373514e+003 
1.373529e+003 
1.373543e+003 
1.373559e+003 
1.373574e+003 
1.373588e+003 
1.373604e+003 
1.373619e+003 
1.373650e+003 
1.373664e+003 
1.373678e+003 
1.373694e+003 
1.373709e+003 
1.373723e+003 
1.373739e+003 
1.373754e+003 
1.373768e+003 
1.373800e+003 
1.373813e+003 
1.373829e+003 
1.373844e+003 
1.373858e+003 
1.373874e+003 
1.373889e+003 
1.373903e+003 
1.373919e+003 
1.373949e+003 
1.373964e+003 
1.373979e+003 
1.373993e+003 
1.374009e+003 
1.374024e+003 
1.374038e+003 
1.374054e+003 
1.374069e+003 
1.374100e+003 
1.374114e+003 
1.374128e+003 
1.374144e+003 
1.374159e+003 
1.374173e+003 
1.374189e+003 
1.374204e+003 
1.374218e+003 
1.374250e+003 
1.374263e+003 
1.374279e+003 
1.374294e+003 
1.374308e+003 
1.374324e+003 
1.374339e+003 
1.374353e+003 
1.374369e+003 
1.374399e+003 
1.374414e+003 
1.374429e+003 
1.374443e+003 
1.374459e+003 
1.374474e+003 
1.374488e+003 
1.374504e+003 
1.374519e+003 
1.374550e+003 
1.374564e+003 
1.374578e+003 
1.374594e+003 
1.374609e+003 
1.374623e+003 
1.374639e+003 
1.374654e+003 
1.374668e+003 
1.374700e+003 
1.374713e+003 
1.374729e+003 
1.374744e+003 
1.374758e+003 
1.374774e+003 
1.374789e+003 
1.374803e+003 
1.374819e+003 
1.374849e+003 
1.374864e+003 
1.374879e+003 
1.374893e+003 
1.374909e+003 
1.374924e+003 
1.374938e+003 
1.374954e+003 
1.374969e+003 
1.375000e+003 
1.375014e+003 
1.375028e+003 
1.375044e+003 
1.375059e+003 
1.375073e+003 
1.375089e+003 
1.375104e+003 
1.375118e+003 
1.375150e+003 
1.375163e+003 
1.375179e+003 
1.375194e+003 
1.375208e+003 
1.375224e+003 
1.375239e+003 
1.375253e+003 
1.375269e+003 
1.375299e+003 
1.375314e+003 
1.375329e+003 
1.375343e+003 
1.375359e+003 
1.375374e+003 
1.375388e+003 
1.375404e+003 
1.375419e+003 
1.375450e+003 
1.375464e+003 
1.375478e+003 
1.375494e+003 
1.375509e+003 
1.375523e+003 
1.375539e+003 
1.375554e+003 
1.375568e+003 
1.375600e+003 
1.375613e+003 
1.375629e+003 
1.375644e+003 
1.375658e+003 
1.375674e+003 
1.375689e+003 
1.375703e+003 
1.375719e+003 
1.375749e+003 
1.375764e+003 
1.375779e+003 
1.375793e+003 
1.375809e+003 
1.375824e+003 
1.375838e+003 
1.375854e+003 
1.375869e+003 
1.375900e+003 
1.375914e+003 
1.375928e+003 
1.375944e+003 
1.375959e+003 
1.375973e+003 
1.375989e+003 
1.376004e+003 
    nan 
1.376050e+003 
1.376063e+003 
1.376079e+003 
1.376094e+003 
1.376108e+003 
1.376124e+003 
1.376139e+003 
1.376153e+003 
1.376169e+003 
1.376199e+003 
1.376214e+003 
1.376229e+003 
1.376243e+003 
1.376259e+003 
1.376274e+003 
1.376288e+003 
1.376304e+003 
1.376319e+003 
1.376350e+003 
1.376364e+003 
1.376378e+003 
1.376394e+003 
1.376409e+003 
1.376423e+003 
1.376439e+003 
1.376454e+003 
1.376468e+003 
1.376500e+003 
1.376513e+003 
1.376529e+003 
1.376544e+003 
    nan 
1.376574e+003 
1.376589e+003 
1.376603e+003 
1.376619e+003 
1.376649e+003 
1.376664e+003 
1.376679e+003 
    nan 
1.376709e+003 
1.376724e+003 
1.376738e+003 
1.376754e+003 
1.376769e+003 
1.376800e+003 
1.376814e+003 
1.376828e+003 
1.376844e+003 
1.376859e+003 
1.376873e+003 
1.376889e+003 
1.376904e+003 
1.376918e+003 
1.376950e+003 
1.376963e+003 
1.376979e+003 
1.376994e+003 
1.377008e+003 
1.377024e+003 
1.377039e+003 
1.377053e+003 
1.377069e+003 
1.377099e+003 
1.377114e+003 
1.377129e+003 
1.377143e+003 
1.377159e+003 
1.377174e+003 
1.377188e+003 
1.377204e+003 
1.377219e+003 
1.377250e+003 
1.377264e+003 
1.377278e+003 
1.377294e+003 
1.377309e+003 
1.377323e+003 
1.377339e+003 
1.377354e+003 
1.377368e+003 
1.377400e+003 
1.377413e+003 
1.377429e+003 
1.377444e+003 
1.377458e+003 
1.377474e+003 
1.377489e+003 
1.377503e+003 
1.377519e+003 
1.377549e+003 
1.377564e+003 
    nan 
1.377593e+003 
1.377609e+003 
1.377624e+003 
    nan 
1.377654e+003 
1.377669e+003 
1.377700e+003 
1.377714e+003 
    nan 
1.377744e+003 
1.377759e+003 
1.377773e+003 
1.377789e+003 
1.377804e+003 
1.377818e+003 
1.377850e+003 
1.377863e+003 
1.377879e+003 
1.377894e+003 
1.377908e+003 
1.377924e+003 
1.377939e+003 
1.377953e+003 
1.377969e+003 
1.377999e+003 
1.378014e+003 
1.378029e+003 
1.378043e+003 
1.378059e+003 
1.378074e+003 
1.378088e+003 
1.378104e+003 
1.378119e+003 
1.378150e+003 
1.378164e+003 
1.378178e+003 
1.378194e+003 
1.378209e+003 
    nan 
1.378239e+003 
1.378254e+003 
1.378268e+003 
1.378300e+003 
1.378313e+003 
1.378329e+003 
1.378344e+003 
1.378358e+003 
1.378374e+003 
1.378389e+003 
    nan 
1.378419e+003 
1.378449e+003 
1.378464e+003 
1.378479e+003 
1.378493e+003 
1.378509e+003 
1.378524e+003 
1.378538e+003 
1.378554e+003 
1.378569e+003 
1.378600e+003 
1.378614e+003 
1.378628e+003 
1.378644e+003 
1.378659e+003 
1.378673e+003 
1.378689e+003 
1.378704e+003 
1.378718e+003 
1.378750e+003 
1.378763e+003 
1.378779e+003 
1.378794e+003 
1.378808e+003 
1.378824e+003 
1.378839e+003 
1.378853e+003 
1.378869e+003 
1.378899e+003 
1.378914e+003 
1.378929e+003 
1.378943e+003 
1.378959e+003 
1.378974e+003 
1.378988e+003 
1.379004e+003 
1.379019e+003 
1.379050e+003 
1.379064e+003 
1.379078e+003 
1.379094e+003 
1.379109e+003 
1.379123e+003 
1.379139e+003 
1.379154e+003 
1.379168e+003 
1.379200e+003 
1.379213e+003 
1.379229e+003 
1.379244e+003 
1.379258e+003 
1.379274e+003 
1.379289e+003 
1.379303e+003 
1.379319e+003 
1.379349e+003 
1.379364e+003 
1.379379e+003 
1.379393e+003 
1.379409e+003 
1.379424e+003 
1.379438e+003 
1.379454e+003 
1.379469e+003 
1.379500e+003 
    nan 
    nan 
1.379544e+003 
    nan 
    nan 
1.379589e+003 
    nan 
    nan 
    nan 
    nan 
    nan 
    nan 
    nan 
    nan 
    nan 
    nan 
    nan 
    nan 
1.379814e+003 
1.379829e+003 
    nan 
1.379859e+003 
1.379874e+003 
1.379888e+003 
1.379904e+003 
1.379919e+003 
1.379950e+003 
1.379964e+003 
1.379978e+003 
1.379994e+003 
1.380009e+003 
1.380023e+003 
1.380039e+003 
1.380054e+003 
1.380068e+003 
1.380100e+003 
1.380113e+003 
1.380129e+003 
1.380144e+003 
1.380158e+003 
1.380174e+003 
1.380189e+003 
1.380203e+003 
1.380219e+003 
1.380249e+003 
1.380264e+003 
1.380279e+003 
1.380293e+003 
1.380309e+003 
1.380324e+003 
1.380338e+003 
1.380354e+003 
1.380369e+003 
1.380400e+003 
1.380414e+003 
1.380428e+003 
1.380444e+003 
1.380459e+003 
1.380473e+003 
1.380489e+003 
1.380504e+003 
1.380518e+003 
1.380550e+003 
1.380563e+003 
1.380579e+003 
1.380594e+003 
1.380608e+003 
1.380624e+003 
1.380639e+003 
1.380653e+003 
1.380669e+003 
1.380699e+003 
1.380714e+003 
1.380729e+003 
1.380743e+003 
1.380759e+003 
1.380774e+003 
1.380788e+003 
1.380804e+003 
1.380819e+003 
1.380850e+003 
1.380864e+003 
1.380878e+003 
1.380894e+003 
1.380909e+003 
1.380923e+003 
1.380939e+003 
1.380954e+003 
1.380968e+003 
1.381000e+003 
1.381013e+003 
1.381029e+003 
1.381044e+003 
1.381058e+003 
1.381074e+003 
1.381089e+003 
1.381103e+003 
1.381119e+003 
1.381149e+003 
1.381164e+003 
1.381179e+003 
1.381193e+003 
1.381209e+003 
1.381224e+003 
1.381238e+003 
1.381254e+003 
1.381269e+003 
1.381300e+003 
1.381314e+003 
1.381328e+003 
1.381344e+003 
1.381359e+003 
1.381373e+003 
1.381389e+003 
1.381404e+003 
1.381418e+003 
1.381450e+003 
1.381463e+003 
1.381479e+003 
1.381494e+003 
1.381508e+003 
1.381524e+003 
1.381539e+003 
1.381553e+003 
1.381569e+003 
1.381599e+003 
1.381614e+003 
1.381629e+003 
1.381643e+003 
1.381659e+003 
1.381674e+003 
1.381688e+003 
1.381704e+003 
1.381719e+003 
1.381750e+003 
1.381764e+003 
1.381778e+003 
1.381794e+003 
1.381809e+003 
1.381823e+003 
1.381839e+003 
1.381854e+003 
1.381868e+003 
1.381900e+003 
1.381913e+003 
1.381929e+003 
1.381944e+003 
1.381958e+003 
1.381974e+003 
1.381989e+003 
1.382003e+003 
1.382019e+003 
1.382049e+003 
1.382064e+003 
1.382079e+003 
1.382093e+003 
1.382109e+003 
1.382124e+003 
1.382138e+003 
1.382154e+003 
1.382169e+003 
1.382200e+003 
1.382214e+003 
1.382228e+003 
1.382244e+003 
1.382259e+003 
1.382273e+003 
1.382289e+003 
1.382304e+003 
1.382318e+003 
1.382350e+003 
1.382363e+003 
1.382379e+003 
1.382394e+003 
1.382408e+003 
1.382424e+003 
1.382439e+003 
1.382453e+003 
1.382469e+003 
1.382499e+003 
1.382514e+003 
1.382529e+003 
1.382543e+003 
1.382559e+003 
1.382574e+003 
1.382588e+003 
1.382604e+003 
1.382619e+003 
1.382650e+003 
1.382664e+003 
1.382678e+003 
1.382694e+003 
1.382709e+003 
1.382723e+003 
1.382739e+003 
1.382754e+003 
1.382768e+003 
1.382800e+003 
1.382813e+003 
1.382829e+003 
1.382844e+003 
1.382858e+003 
1.382874e+003 
1.382889e+003 
1.382903e+003 
1.382919e+003 
1.382949e+003 
1.382964e+003 
1.382979e+003 
1.382993e+003 
1.383009e+003 
1.383024e+003 
1.383038e+003 
1.383054e+003 
1.383069e+003 
1.383100e+003 
1.383114e+003 
1.383128e+003 
1.383144e+003 
1.383159e+003 
1.383173e+003 
1.383189e+003 
1.383204e+003 
1.383218e+003 
1.383250e+003 
1.383263e+003 
1.383279e+003 
1.383294e+003 
1.383308e+003 
1.383324e+003 
1.383339e+003 
1.383353e+003 
1.383369e+003 
1.383399e+003 
1.383414e+003 
1.383429e+003 
1.383443e+003 
1.383459e+003 
1.383474e+003 
1.383488e+003 
1.383504e+003 
1.383519e+003 
1.383550e+003 
1.383564e+003 
1.383578e+003 
1.383594e+003 
1.383609e+003 
1.383623e+003 
1.383639e+003 
1.383654e+003 
1.383668e+003 
1.383700e+003 
1.383713e+003 
1.383729e+003 
1.383744e+003 
1.383758e+003 
1.383774e+003 
1.383789e+003 
1.383803e+003 
1.383819e+003 
1.383849e+003 
1.383864e+003 
1.383879e+003 
1.383893e+003 
1.383909e+003 
1.383924e+003 
1.383938e+003 
1.383954e+003 
1.383969e+003 
1.384000e+003 
1.384014e+003 
1.384028e+003 
1.384044e+003 
1.384059e+003 
1.384073e+003 
1.384089e+003 
1.384104e+003 
1.384118e+003 
1.384150e+003 
1.384163e+003 
1.384179e+003 
1.384194e+003 
1.384208e+003 
1.384224e+003 
1.384239e+003 
1.384253e+003 
1.384269e+003 
1.384299e+003 
1.384314e+003 
1.384329e+003 
1.384343e+003 
1.384359e+003 
1.384374e+003 
1.384388e+003 
1.384404e+003 
1.384419e+003 
1.384450e+003 
1.384464e+003 
1.384478e+003 
1.384494e+003 
1.384509e+003 
1.384523e+003 
1.384539e+003 
1.384554e+003 
1.384568e+003 
1.384600e+003 
1.384613e+003 
1.384629e+003 
1.384644e+003 
1.384658e+003 
1.384674e+003 
1.384689e+003 
1.384703e+003 
1.384719e+003 
1.384749e+003 
1.384764e+003 
1.384779e+003 
1.384793e+003 
1.384809e+003 
1.384824e+003 
1.384838e+003 
1.384854e+003 
1.384869e+003 
1.384900e+003 
1.384914e+003 
1.384928e+003 
1.384944e+003 
1.384959e+003 
1.384973e+003 
1.384989e+003 
1.385004e+003 
1.385018e+003 
1.385050e+003 
1.385063e+003 
1.385079e+003 
1.385094e+003 
1.385108e+003 
1.385124e+003 
1.385139e+003 
1.385153e+003 
1.385169e+003 
1.385199e+003 
1.385214e+003 
1.385229e+003 
1.385243e+003 
1.385259e+003 
1.385274e+003 
1.385288e+003 
1.385304e+003 
1.385319e+003 
1.385350e+003 
1.385364e+003 
1.385378e+003 
1.385394e+003 
1.385409e+003 
1.385423e+003 
1.385439e+003 
1.385454e+003 
1.385468e+003 
1.385500e+003 
1.385513e+003 
1.385529e+003 
1.385544e+003 
1.385558e+003 
1.385574e+003 
1.385589e+003 
1.385603e+003 
1.385619e+003 
1.385649e+003 
1.385664e+003 
1.385679e+003 
1.385693e+003 
1.385709e+003 
1.385724e+003 
1.385738e+003 
1.385754e+003 
1.385769e+003 
1.385800e+003 
1.385814e+003 
1.385828e+003 
1.385844e+003 
1.385859e+003 
1.385873e+003 
1.385889e+003 
1.385904e+003 
1.385918e+003 
1.385950e+003 
1.385963e+003 
1.385979e+003 
1.385994e+003 
1.386008e+003 
1.386024e+003 
1.386039e+003 
1.386053e+003 
1.386069e+003 
1.386099e+003 
1.386114e+003 
1.386129e+003 
1.386143e+003 
1.386159e+003 
1.386174e+003 
1.386188e+003 
1.386204e+003 
1.386219e+003 
1.386250e+003 
1.386264e+003 
1.386278e+003 
1.386294e+003 
1.386309e+003 
1.386323e+003 
1.386339e+003 
1.386354e+003 
1.386368e+003 
1.386400e+003 
1.386413e+003 
1.386429e+003 
1.386444e+003 
1.386458e+003 
1.386474e+003 
1.386489e+003 
1.386503e+003 
1.386519e+003 
1.386549e+003 
1.386564e+003 
1.386579e+003 
1.386593e+003 
1.386609e+003 
1.386624e+003 
1.386638e+003 
1.386654e+003 
1.386669e+003 
1.386700e+003 
1.386714e+003 
1.386728e+003 
1.386744e+003 
1.386759e+003 
1.386773e+003 
1.386789e+003 
1.386804e+003 
1.386818e+003 
1.386850e+003 
1.386863e+003 
1.386879e+003 
1.386894e+003 
1.386908e+003 
1.386924e+003 
1.386939e+003 
1.386953e+003 
1.386969e+003 
    nan 
    nan 
    nan 
1.387043e+003 
1.387059e+003 
1.387074e+003 
1.387088e+003 
1.387104e+003 
1.387119e+003 
1.387150e+003 
1.387164e+003 
1.387178e+003 
1.387194e+003 
1.387209e+003 
1.387223e+003 
1.387239e+003 
1.387254e+003 
1.387268e+003 
    nan 
    nan 
    nan 
    nan 
1.387358e+003 
1.387374e+003 
1.387389e+003 
1.387403e+003 
1.387419e+003 
1.387449e+003 
1.387464e+003 
1.387479e+003 
1.387493e+003 
1.387509e+003 
1.387524e+003 
1.387538e+003 
1.387554e+003 
1.387569e+003 
1.387600e+003 
1.387614e+003 
1.387628e+003 
1.387644e+003 
1.387659e+003 
1.387673e+003 
1.387689e+003 
1.387704e+003 
1.387718e+003 
1.387750e+003 
1.387763e+003 
1.387779e+003 
1.387794e+003 
1.387808e+003 
1.387824e+003 
1.387839e+003 
1.387853e+003 
1.387869e+003 
1.387899e+003 
1.387914e+003 
1.387929e+003 
1.387943e+003 
1.387959e+003 
1.387974e+003 
1.387988e+003 
1.388004e+003 
1.388019e+003 
1.388050e+003 
1.388064e+003 
1.388078e+003 
1.388094e+003 
1.388109e+003 
1.388123e+003 
1.388139e+003 
1.388154e+003 
1.388168e+003 
1.388200e+003 
1.388213e+003 
1.388229e+003 
1.388244e+003 
1.388258e+003 
1.388274e+003 
1.388289e+003 
1.388303e+003 
1.388319e+003 
1.388349e+003 
1.388364e+003 
1.388379e+003 
1.388393e+003 
1.388409e+003 
1.388424e+003 
1.388438e+003 
1.388454e+003 
1.388469e+003 
1.388500e+003 
1.388514e+003 
1.388528e+003 
1.388544e+003 
1.388559e+003 
1.388573e+003 
1.388589e+003 
1.388604e+003 
1.388618e+003 
1.388650e+003 
1.388663e+003 
1.388679e+003 
1.388694e+003 
1.388708e+003 
1.388724e+003 
1.388739e+003 
1.388753e+003 
1.388769e+003 
1.388799e+003 
1.388814e+003 
1.388829e+003 
1.388843e+003 
1.388859e+003 
1.388874e+003 
1.388888e+003 
1.388904e+003 
1.388919e+003 
1.388950e+003 
1.388964e+003 
1.388978e+003 
1.388994e+003 
1.389009e+003 
1.389023e+003 
1.389039e+003 
1.389054e+003 
1.389068e+003 
1.389100e+003 
1.389113e+003 
1.389129e+003 
1.389144e+003 
1.389158e+003 
1.389174e+003 
1.389189e+003 
1.389203e+003 
1.389219e+003 
1.389249e+003 
1.389264e+003 
1.389279e+003 
1.389293e+003 
1.389309e+003 
1.389324e+003 
1.389338e+003 
1.389354e+003 
1.389369e+003 
1.389400e+003 
1.389414e+003 
1.389428e+003 
1.389443e+003 
1.389458e+003 
1.389473e+003 
1.389489e+003 
1.389504e+003 
1.389518e+003 
1.389550e+003 
1.389563e+003 
1.389578e+003 
1.389593e+003 
1.389608e+003 
1.389623e+003 
1.389639e+003 
1.389653e+003 
1.389668e+003 
1.389699e+003 
1.389714e+003 
1.389728e+003 
1.389743e+003 
1.389758e+003 
1.389773e+003 
1.389788e+003 
1.389804e+003 
1.389818e+003 
1.389850e+003 
1.389863e+003 
1.389878e+003 
1.389894e+003 
1.389908e+003 
1.389923e+003 
    nan 
1.389954e+003 
1.389968e+003 
1.390000e+003 
1.390013e+003 
    nan 
1.390043e+003 
1.390058e+003 
    nan 
1.390088e+003 
1.390103e+003 
1.390119e+003 
1.390149e+003 
1.390163e+003 
1.390178e+003 
1.390193e+003 
1.390208e+003 
1.390223e+003 
1.390238e+003 
1.390254e+003 
1.390269e+003 
1.390300e+003 
1.390313e+003 
1.390328e+003 
1.390343e+003 
1.390358e+003 
1.390373e+003 
1.390389e+003 
1.390404e+003 
1.390418e+003 
1.390450e+003 
1.390463e+003 
1.390478e+003 
1.390493e+003 
1.390508e+003 
1.390523e+003 
1.390538e+003 
1.390553e+003 
1.390568e+003 
1.390599e+003 
1.390613e+003 
1.390628e+003 
1.390643e+003 
1.390658e+003 
1.390673e+003 
1.390688e+003 
1.390704e+003 
1.390718e+003 
1.390750e+003 
1.390763e+003 
1.390778e+003 
1.390793e+003 
1.390808e+003 
1.390823e+003 
1.390838e+003 
1.390853e+003 
1.390868e+003 
1.390900e+003 
1.390913e+003 
1.390928e+003 
1.390943e+003 
1.390958e+003 
1.390973e+003 
1.390988e+003 
1.391003e+003 
1.391018e+003 
1.391049e+003 
1.391063e+003 
1.391078e+003 
1.391093e+003 
1.391108e+003 
1.391123e+003 
1.391138e+003 
1.391153e+003 
1.391168e+003 
1.391200e+003 
1.391213e+003 
1.391228e+003 
1.391243e+003 
1.391258e+003 
1.391273e+003 
1.391288e+003 
1.391303e+003 
1.391318e+003 
1.391350e+003 
1.391363e+003 
1.391378e+003 
1.391393e+003 
1.391408e+003 
1.391423e+003 
1.391438e+003 
1.391453e+003 
1.391468e+003 
1.391499e+003 
1.391513e+003 
1.391528e+003 
1.391543e+003 
1.391558e+003 
1.391573e+003 
1.391588e+003 
1.391603e+003 
1.391618e+003 
1.391650e+003 
1.391663e+003 
1.391678e+003 
1.391693e+003 
1.391708e+003 
1.391723e+003 
1.391738e+003 
1.391753e+003 
1.391768e+003 
1.391800e+003 
1.391813e+003 
1.391828e+003 
1.391843e+003 
1.391858e+003 
1.391873e+003 
1.391888e+003 
1.391903e+003 
1.391918e+003 
1.391949e+003 
1.391963e+003 
1.391978e+003 
1.391993e+003 
1.392008e+003 
1.392023e+003 
1.392038e+003 
1.392053e+003 
1.392068e+003 
1.392099e+003 
1.392113e+003 
1.392128e+003 
1.392143e+003 
1.392158e+003 
1.392173e+003 
1.392188e+003 
1.392203e+003 
1.392218e+003 
1.392249e+003 
1.392263e+003 
1.392278e+003 
1.392293e+003 
1.392308e+003 
1.392323e+003 
1.392338e+003 
1.392353e+003 
1.392368e+003 
1.392399e+003 
1.392413e+003 
1.392428e+003 
1.392443e+003 
1.392458e+003 
1.392473e+003 
1.392488e+003 
1.392503e+003 
1.392518e+003 
1.392549e+003 
1.392563e+003 
1.392578e+003 
1.392593e+003 
1.392608e+003 
1.392623e+003 
1.392638e+003 
1.392653e+003 
1.392668e+003 
1.392699e+003 
1.392713e+003 
1.392728e+003 
1.392743e+003 
1.392758e+003 
1.392773e+003 
1.392788e+003 
1.392803e+003 
1.392818e+003 
1.392849e+003 
1.392863e+003 
1.392878e+003 
1.392893e+003 
1.392908e+003 
1.392923e+003 
1.392938e+003 
1.392953e+003 
1.392968e+003 
1.392999e+003 
1.393013e+003 
1.393028e+003 
1.393043e+003 
1.393058e+003 
1.393073e+003 
1.393088e+003 
1.393103e+003 
1.393118e+003 
1.393149e+003 
1.393163e+003 
1.393178e+003 
1.393193e+003 
1.393208e+003 
1.393223e+003 
1.393238e+003 
1.393253e+003 
1.393268e+003 
1.393299e+003 
1.393313e+003 
1.393328e+003 
1.393343e+003 
1.393358e+003 
1.393373e+003 
1.393388e+003 
1.393403e+003 
1.393418e+003 
1.393449e+003 
1.393463e+003 
1.393478e+003 
1.393493e+003 
1.393508e+003 
1.393523e+003 
1.393538e+003 
1.393553e+003 
1.393567e+003 
1.393599e+003 
1.393612e+003 
1.393628e+003 
1.393643e+003 
1.393658e+003 
1.393673e+003 
1.393688e+003 
1.393702e+003 
1.393718e+003 
1.393749e+003 
1.393763e+003 
1.393778e+003 
1.393792e+003 
1.393808e+003 
1.393823e+003 
1.393837e+003 
1.393853e+003 
1.393868e+003 
1.393899e+003 
1.393913e+003 
1.393927e+003 
1.393943e+003 
1.393958e+003 
1.393972e+003 
1.393988e+003 
1.394003e+003 
1.394017e+003 
1.394049e+003 
1.394062e+003 
1.394078e+003 
1.394093e+003 
1.394107e+003 
1.394123e+003 
1.394138e+003 
1.394152e+003 
1.394168e+003 
1.394199e+003 
1.394213e+003 
1.394228e+003 
1.394242e+003 
1.394258e+003 
1.394273e+003 
1.394287e+003 
1.394303e+003 
1.394318e+003 
1.394349e+003 
1.394363e+003 
1.394377e+003 
1.394393e+003 
1.394408e+003 
1.394422e+003 
1.394438e+003 
1.394453e+003 
1.394467e+003 
1.394499e+003 
1.394512e+003 
1.394528e+003 
1.394543e+003 
1.394557e+003 
1.394573e+003 
1.394588e+003 
1.394602e+003 
1.394618e+003 
1.394649e+003 
1.394663e+003 
1.394678e+003 
1.394692e+003 
1.394708e+003 
1.394723e+003 
1.394738e+003 
1.394753e+003 
1.394768e+003 
1.394799e+003 
1.394813e+003 
1.394827e+003 
1.394843e+003 
1.394858e+003 
1.394872e+003 
1.394888e+003 
1.394903e+003 
1.394917e+003 
1.394949e+003 
1.394962e+003 
1.394978e+003 
1.394993e+003 
1.395007e+003 
1.395023e+003 
1.395038e+003 
1.395052e+003 
1.395068e+003 
1.395099e+003 
1.395113e+003 
1.395128e+003 
1.395142e+003 
1.395158e+003 
1.395173e+003 
1.395187e+003 
1.395203e+003 
1.395218e+003 
1.395249e+003 
1.395263e+003 
1.395277e+003 
1.395293e+003 
1.395308e+003 
1.395322e+003 
1.395338e+003 
1.395353e+003 
1.395367e+003 
1.395399e+003 
1.395412e+003 
1.395428e+003 
1.395443e+003 
1.395457e+003 
1.395473e+003 
1.395488e+003 
1.395502e+003 
1.395518e+003 
1.395548e+003 
1.395563e+003 
1.395578e+003 
1.395592e+003 
1.395608e+003 
1.395623e+003 
1.395637e+003 
1.395653e+003 
    nan 
1.395699e+003 
    nan 
1.395727e+003 
1.395743e+003 
1.395758e+003 
1.395772e+003 
1.395788e+003 
1.395803e+003 
1.395817e+003 
1.395849e+003 
1.395862e+003 
1.395878e+003 
1.395893e+003 
1.395907e+003 
1.395923e+003 
1.395938e+003 
1.395952e+003 
1.395968e+003 
1.395998e+003 
1.396013e+003 
1.396028e+003 
1.396042e+003 
1.396058e+003 
1.396073e+003 
1.396087e+003 
1.396103e+003 
1.396118e+003 
1.396149e+003 
1.396163e+003 
1.396177e+003 
1.396193e+003 
1.396208e+003 
1.396222e+003 
1.396238e+003 
1.396253e+003 
1.396267e+003 
1.396299e+003 
1.396312e+003 
1.396328e+003 
1.396343e+003 
1.396357e+003 
1.396373e+003 
1.396388e+003 
1.396402e+003 
1.396418e+003 
1.396448e+003 
1.396463e+003 
1.396478e+003 
1.396492e+003 
1.396508e+003 
1.396523e+003 
1.396537e+003 
1.396553e+003 
1.396568e+003 
1.396599e+003 
1.396613e+003 
1.396627e+003 
1.396643e+003 
1.396658e+003 
1.396672e+003 
1.396688e+003 
1.396703e+003 
1.396717e+003 
1.396749e+003 
1.396762e+003 
1.396778e+003 
1.396793e+003 
1.396807e+003 
1.396823e+003 
    nan 
1.396852e+003 
    nan 
1.396898e+003 
    nan 
    nan 
1.396942e+003 
    nan 
    nan 
    nan 
1.397003e+003 
1.397018e+003 
1.397049e+003 
1.397063e+003 
1.397077e+003 
1.397093e+003 
1.397108e+003 
1.397122e+003 
1.397138e+003 
1.397153e+003 
1.397167e+003 
1.397199e+003 
1.397212e+003 
1.397228e+003 
1.397243e+003 
1.397257e+003 
1.397273e+003 
1.397288e+003 
1.397302e+003 
1.397318e+003 
1.397348e+003 
1.397363e+003 
1.397378e+003 
1.397392e+003 
1.397408e+003 
1.397423e+003 
1.397437e+003 
1.397453e+003 
1.397468e+003 
1.397499e+003 
1.397513e+003 
1.397527e+003 
1.397543e+003 
1.397558e+003 
1.397572e+003 
1.397588e+003 
1.397603e+003 
1.397617e+003 
1.397649e+003 
1.397662e+003 
1.397678e+003 
1.397693e+003 
1.397707e+003 
1.397723e+003 
1.397738e+003 
1.397752e+003 
1.397768e+003 
1.397798e+003 
1.397813e+003 
1.397828e+003 
1.397842e+003 
1.397858e+003 
1.397873e+003 
1.397887e+003 
1.397903e+003 
1.397918e+003 
1.397949e+003 
1.397963e+003 
1.397977e+003 
1.397993e+003 
1.398008e+003 
1.398022e+003 
1.398038e+003 
1.398053e+003 
1.398067e+003 
1.398099e+003 
1.398112e+003 
    nan 
1.398143e+003 
1.398157e+003 
1.398173e+003 
1.398188e+003 
1.398202e+003 
    nan 
1.398248e+003 
1.398263e+003 
1.398278e+003 
1.398292e+003 
1.398308e+003 
1.398323e+003 
1.398337e+003 
1.398353e+003 
1.398368e+003 
1.398399e+003 
1.398413e+003 
1.398427e+003 
1.398443e+003 
1.398458e+003 
1.398472e+003 
1.398488e+003 
1.398503e+003 
1.398517e+003 
1.398549e+003 
1.398562e+003 
1.398578e+003 
1.398593e+003 
1.398607e+003 
1.398623e+003 
1.398638e+003 
1.398652e+003 
1.398668e+003 
1.398698e+003 
1.398713e+003 
1.398728e+003 
1.398742e+003 
1.398758e+003 
1.398773e+003 
1.398787e+003 
1.398803e+003 
1.398818e+003 
1.398849e+003 
1.398863e+003 
1.398877e+003 
1.398893e+003 
1.398908e+003 
1.398922e+003 
1.398938e+003 
1.398953e+003 
1.398967e+003 
1.398999e+003 
1.399012e+003 
1.399028e+003 
1.399043e+003 
1.399057e+003 
1.399073e+003 
1.399088e+003 
1.399102e+003 
1.399118e+003 
1.399148e+003 
1.399163e+003 
1.399178e+003 
1.399192e+003 
1.399208e+003 
1.399223e+003 
1.399237e+003 
1.399253e+003 
1.399268e+003 
1.399299e+003 
1.399313e+003 
1.399327e+003 
1.399343e+003 
1.399358e+003 
1.399372e+003 
1.399388e+003 
    nan 
1.399417e+003 
    nan 
1.399462e+003 
1.399478e+003 
    nan 
1.399507e+003 
1.399523e+003 
1.399538e+003 
1.399552e+003 
1.399568e+003 
1.399598e+003 
1.399613e+003 
1.399628e+003 
1.399642e+003 
1.399658e+003 
1.399673e+003 
1.399687e+003 
1.399703e+003 
1.399718e+003 
1.399749e+003 
1.399763e+003 
1.399777e+003 
1.399793e+003 
1.399808e+003 
1.399822e+003 
1.399838e+003 
1.399853e+003 
1.399867e+003 
1.399899e+003 
1.399912e+003 
1.399928e+003 
1.399943e+003 
1.399957e+003 
1.399973e+003 
1.399988e+003 
1.400002e+003 
1.400018e+003 
1.400048e+003 
1.400063e+003 
1.400078e+003 
1.400092e+003 
1.400108e+003 
1.400123e+003 
1.400137e+003 
1.400153e+003 
1.400168e+003 
1.400199e+003 
1.400213e+003 
1.400227e+003 
1.400243e+003 
1.400258e+003 
1.400272e+003 
1.400288e+003 
1.400303e+003 
1.400317e+003 
1.400349e+003 
1.400362e+003 
1.400378e+003 
1.400393e+003 
1.400407e+003 
1.400423e+003 
1.400438e+003 
1.400452e+003 
1.400468e+003 
1.400498e+003 
1.400513e+003 
1.400528e+003 
1.400542e+003 
1.400558e+003 
1.400573e+003 
1.400587e+003 
1.400603e+003 
    nan 
1.400649e+003 
    nan 
1.400677e+003 
1.400693e+003 
1.400708e+003 
1.400722e+003 
1.400738e+003 
1.400753e+003 
1.400767e+003 
1.400799e+003 
1.400812e+003 
1.400828e+003 
1.400843e+003 
1.400857e+003 
1.400873e+003 
1.400888e+003 
1.400902e+003 
1.400918e+003 
1.400948e+003 
1.400963e+003 
1.400978e+003 
1.400992e+003 
1.401008e+003 
1.401023e+003 
1.401037e+003 
1.401053e+003 
1.401068e+003 
1.401099e+003 
1.401113e+003 
1.401127e+003 
1.401143e+003 
1.401158e+003 
1.401172e+003 
1.401188e+003 
1.401203e+003 
1.401217e+003 
1.401249e+003 
1.401262e+003 
1.401278e+003 
1.401293e+003 
1.401307e+003 
1.401323e+003 
1.401338e+003 
1.401352e+003 
1.401368e+003 
1.401398e+003 
1.401413e+003 
1.401428e+003 
1.401442e+003 
1.401458e+003 
1.401473e+003 
1.401487e+003 
1.401503e+003 
1.401518e+003 
1.401549e+003 
1.401563e+003 
1.401577e+003 
1.401593e+003 
1.401608e+003 
1.401622e+003 
1.401638e+003 
1.401653e+003 
1.401667e+003 
1.401699e+003 
1.401712e+003 
1.401728e+003 
1.401743e+003 
1.401757e+003 
1.401773e+003 
1.401788e+003 
1.401802e+003 
1.401818e+003 
1.401848e+003 
1.401863e+003 
1.401878e+003 
1.401892e+003 
1.401908e+003 
1.401923e+003 
1.401937e+003 
1.401953e+003 
    nan 
    nan 
    nan 
    nan 
    nan 
    nan 
    nan 
    nan 
    nan 
    nan 
    nan 
    nan 
    nan 
    nan 
    nan 
    nan 
    nan 
1.402268e+003 
1.402298e+003 
1.402313e+003 
1.402328e+003 
1.402342e+003 
1.402358e+003 
1.402373e+003 
1.402387e+003 
1.402408e+003 
1.402418e+003 
    nan 
    nan 
    nan 
    nan 
    nan 
    nan 
    nan 
    nan 
    nan 
    nan 
    nan 
1.402637e+003 
1.402643e+003 
1.402657e+003 
1.402673e+003 
    nan 
1.402702e+003 
    nan 
    nan 
    nan 
    nan 
    nan 
    nan 
    nan 
    nan 
1.402853e+003 
1.402868e+003 
1.402899e+003 
1.402913e+003 
1.402927e+003 
1.402943e+003 
1.402958e+003 
1.402972e+003 
1.402988e+003 
1.403003e+003 
